3905.8906750000 0.9988540000 0.0006450000 ASTEP 1.636 12815
3905.8913960000 1.0000560000 0.0006490000 ASTEP 1.639 12152
3905.8921180000 0.9981360000 0.0006590000 ASTEP 1.641 11514
3905.8928400000 0.9985760000 0.0006560000 ASTEP 1.644 10919
3905.8935610000 0.9978900000 0.0006620000 ASTEP 1.646 10377
3905.8942830000 0.9988530000 0.0006560000 ASTEP 1.648 9856
3905.8950040000 0.9973650000 0.0006620000 ASTEP 1.651 9352
3905.8957260000 0.9951230000 0.0006500000 ASTEP 1.653 8873
3905.8964470000 0.9973700000 0.0006470000 ASTEP 1.656 8430
3905.8971690000 1.0019440000 0.0006550000 ASTEP 1.658 8022
3905.8978910000 1.0036050000 0.0006660000 ASTEP 1.661 7636
3905.8986120000 0.9991400000 0.0006740000 ASTEP 1.663 7255
3905.8993340000 0.9959290000 0.0006750000 ASTEP 1.666 6896
3905.9000550000 0.9968200000 0.0006780000 ASTEP 1.668 6543
3905.9007770000 0.9953320000 0.0007050000 ASTEP 1.671 6216
3905.9014980000 1.0007760000 0.0007210000 ASTEP 1.673 5923
3905.9022200000 1.0070510000 0.0007030000 ASTEP 1.676 5635
3905.9029420000 0.9975840000 0.0006780000 ASTEP 1.679 5356
3905.9036630000 1.0006600000 0.0006750000 ASTEP 1.681 5100
3905.9043850000 0.9939330000 0.0006900000 ASTEP 1.684 4867
3905.9051060000 1.0033870000 0.0007050000 ASTEP 1.686 4644
3905.9058280000 1.0024060000 0.0007050000 ASTEP 1.689 4428
3905.9065490000 1.0002120000 0.0006970000 ASTEP 1.691 4221
3905.9072710000 0.9998780000 0.0006940000 ASTEP 1.694 4024
3905.9079930000 1.0014020000 0.0006990000 ASTEP 1.696 3838
3905.9087140000 1.0052170000 0.0006980000 ASTEP 1.699 3666
3905.9094360000 1.0012410000 0.0007010000 ASTEP 1.702 3505
3905.9101570000 0.9971870000 0.0006960000 ASTEP 1.704 3366
3905.9108790000 1.0000000000 0.0006960000 ASTEP 1.707 3245
3905.9116010000 1.0033070000 0.0007030000 ASTEP 1.710 3130
3905.9123220000 0.9983990000 0.0006890000 ASTEP 1.712 3020
3905.9130440000 1.0020960000 0.0006960000 ASTEP 1.715 2901
3905.9137650000 0.9969410000 0.0006830000 ASTEP 1.717 2800
3905.9144870000 1.0026810000 0.0006950000 ASTEP 1.720 2714
3905.9152080000 1.0005730000 0.0006850000 ASTEP 1.723 2618
3905.9159300000 0.9996330000 0.0006820000 ASTEP 1.725 2525
3905.9166520000 1.0023330000 0.0006870000 ASTEP 1.728 2427
3905.9173730000 0.9957440000 0.0007000000 ASTEP 1.731 2342
3905.9180950000 1.0021450000 0.0006850000 ASTEP 1.733 2258
3905.9188170000 1.0007100000 0.0006820000 ASTEP 1.736 2169
3905.9195380000 0.9969120000 0.0006770000 ASTEP 1.739 2076
3905.9202600000 1.0006150000 0.0006830000 ASTEP 1.741 1984
3905.9209820000 0.9990950000 0.0006910000 ASTEP 1.744 1901
3905.9217030000 0.9933590000 0.0006900000 ASTEP 1.747 1846
3905.9224250000 0.9992690000 0.0006960000 ASTEP 1.750 1782
3905.9231460000 0.9987540000 0.0006730000 ASTEP 1.752 1729
3905.9238680000 0.9986320000 0.0006720000 ASTEP 1.755 1674
3905.9245900000 1.0001370000 0.0006770000 ASTEP 1.758 1612
3905.9253110000 0.9985660000 0.0006700000 ASTEP 1.760 1575
3905.9260330000 0.9985100000 0.0006750000 ASTEP 1.763 1544
3905.9267540000 1.0013400000 0.0006710000 ASTEP 1.766 1514
3905.9274760000 0.9967660000 0.0006720000 ASTEP 1.769 1476
3905.9281980000 1.0033260000 0.0006720000 ASTEP 1.771 1453
3905.9289190000 0.9985620000 0.0006750000 ASTEP 1.774 1423
3905.9296410000 1.0000090000 0.0006700000 ASTEP 1.777 1395
3905.9303620000 1.0009230000 0.0006660000 ASTEP 1.780 1360
3905.9310840000 1.0007820000 0.0006650000 ASTEP 1.782 1327
3905.9318060000 1.0041280000 0.0006670000 ASTEP 1.785 1287
3905.9325270000 0.9976800000 0.0006620000 ASTEP 1.788 1243
3905.9332490000 0.9985690000 0.0006650000 ASTEP 1.791 1219
3905.9339710000 1.0024920000 0.0006870000 ASTEP 1.794 1195
3905.9346920000 1.0047570000 0.0007040000 ASTEP 1.796 1181
3905.9354140000 0.9998820000 0.0006770000 ASTEP 1.799 1158
3905.9361350000 0.9978310000 0.0006750000 ASTEP 1.802 1136
3905.9368570000 1.0014960000 0.0006870000 ASTEP 1.805 1130
3905.9375780000 1.0011030000 0.0006800000 ASTEP 1.808 1117
3905.9383000000 0.9986580000 0.0006680000 ASTEP 1.810 1128
3905.9390220000 0.9983520000 0.0006680000 ASTEP 1.813 1140
3905.9397430000 0.9935910000 0.0006670000 ASTEP 1.816 1148
3905.9404650000 0.9987650000 0.0006690000 ASTEP 1.819 1137
3905.9411860000 1.0000520000 0.0006680000 ASTEP 1.822 1121
3905.9419080000 1.0031340000 0.0006820000 ASTEP 1.825 1122
3905.9426290000 1.0011580000 0.0007180000 ASTEP 1.827 1143
3905.9433510000 0.9997680000 0.0007260000 ASTEP 1.830 1146
3905.9440730000 0.9966530000 0.0006850000 ASTEP 1.833 1140
3905.9447940000 1.0021020000 0.0006800000 ASTEP 1.836 1123
3905.9455160000 0.9999130000 0.0007000000 ASTEP 1.839 1085
3905.9462380000 0.9999740000 0.0006830000 ASTEP 1.842 1048
3905.9469590000 0.9989790000 0.0006790000 ASTEP 1.845 1075
3905.9476810000 1.0003850000 0.0006820000 ASTEP 1.847 1104
3905.9484020000 1.0019540000 0.0006760000 ASTEP 1.850 1095
3905.9491240000 1.0020490000 0.0006730000 ASTEP 1.853 1057
3905.9498460000 1.0007010000 0.0006730000 ASTEP 1.856 1018
3905.9505680000 1.0022950000 0.0006710000 ASTEP 1.859 1016
3905.9512890000 1.0010420000 0.0006750000 ASTEP 1.862 1039
3905.9520110000 0.9989970000 0.0006760000 ASTEP 1.865 1065
3905.9527320000 0.9986900000 0.0006750000 ASTEP 1.868 1063
3905.9534540000 0.9994740000 0.0006740000 ASTEP 1.871 1061
3905.9541760000 1.0039090000 0.0006880000 ASTEP 1.874 1068
3905.9548970000 1.0025180000 0.0006930000 ASTEP 1.876 1057
3905.9556190000 0.9996870000 0.0006900000 ASTEP 1.879 1049
3905.9563410000 0.9996550000 0.0007300000 ASTEP 1.882 1043
3905.9570620000 1.0006750000 0.0007400000 ASTEP 1.885 1029
3905.9577840000 1.0019150000 0.0006860000 ASTEP 1.888 1014
3905.9585050000 1.0025520000 0.0006720000 ASTEP 1.891 1017
3905.9592270000 1.0005480000 0.0006740000 ASTEP 1.894 1032
3905.9599480000 0.9994200000 0.0006810000 ASTEP 1.897 1032
3905.9606700000 0.9994880000 0.0006820000 ASTEP 1.900 1025
3905.9613920000 1.0006020000 0.0006810000 ASTEP 1.903 1015
3905.9621130000 0.9989800000 0.0006760000 ASTEP 1.906 982
3905.9628350000 0.9995910000 0.0006820000 ASTEP 1.909 959
3905.9635560000 0.9984080000 0.0006870000 ASTEP 1.912 950
3905.9642780000 0.9992960000 0.0006950000 ASTEP 1.915 951
3905.9650000000 0.9965980000 0.0007050000 ASTEP 1.918 941
3905.9657210000 0.9977390000 0.0006830000 ASTEP 1.921 914
3905.9664430000 1.0010450000 0.0006840000 ASTEP 1.923 907
3905.9671640000 0.9973640000 0.0007000000 ASTEP 1.926 892
3905.9678860000 0.9998970000 0.0007340000 ASTEP 1.929 886
3905.9686080000 0.9953110000 0.0007780000 ASTEP 1.932 868
3905.9693290000 0.9982180000 0.0008710000 ASTEP 1.935 854
3905.9700510000 0.9967680000 0.0008270000 ASTEP 1.938 836
3905.9707730000 1.0076720000 0.0007280000 ASTEP 1.941 817
3905.9714940000 0.9991930000 0.0006940000 ASTEP 1.944 816
3905.9722160000 1.0010480000 0.0006850000 ASTEP 1.947 826
3905.9729370000 1.0041990000 0.0006880000 ASTEP 1.950 831
3905.9736590000 0.9994550000 0.0007010000 ASTEP 1.953 830
3905.9743810000 1.0021040000 0.0007020000 ASTEP 1.956 820
3905.9751020000 1.0030970000 0.0007340000 ASTEP 1.959 813
3905.9758240000 1.0024400000 0.0007450000 ASTEP 1.962 781
3905.9765460000 1.0021480000 0.0007240000 ASTEP 1.965 766
3905.9772670000 1.0055320000 0.0007060000 ASTEP 1.968 779
3905.9779890000 1.0031230000 0.0006940000 ASTEP 1.971 778
3905.9787110000 1.0013710000 0.0006980000 ASTEP 1.974 777
3905.9794320000 1.0055130000 0.0007010000 ASTEP 1.977 776
3905.9801540000 0.9999460000 0.0007220000 ASTEP 1.980 787
3905.9808750000 1.0019260000 0.0007320000 ASTEP 1.983 790
3905.9815970000 1.0004330000 0.0007290000 ASTEP 1.986 812
3905.9823190000 1.0044020000 0.0007100000 ASTEP 1.989 849
3905.9830400000 1.0020260000 0.0007050000 ASTEP 1.992 877
3905.9837620000 1.0003200000 0.0007100000 ASTEP 1.995 879
3905.9844830000 0.9969800000 0.0007050000 ASTEP 1.998 844
3905.9852050000 1.0029000000 0.0007100000 ASTEP 2.001 835
3905.9859270000 0.9997730000 0.0007070000 ASTEP 2.004 843
3905.9866480000 1.0006340000 0.0007080000 ASTEP 2.007 858
3905.9873700000 0.9990680000 0.0007090000 ASTEP 2.010 865
3905.9880910000 0.9975110000 0.0007090000 ASTEP 2.013 870
3905.9888130000 1.0008100000 0.0007100000 ASTEP 2.016 868
3905.9895350000 0.9981030000 0.0007080000 ASTEP 2.018 854
3905.9902560000 0.9998740000 0.0007130000 ASTEP 2.021 841
3905.9909780000 0.9978350000 0.0007290000 ASTEP 2.024 829
3905.9916990000 1.0007220000 0.0007470000 ASTEP 2.027 829
3905.9924210000 0.9961510000 0.0008250000 ASTEP 2.030 858
3905.9931420000 0.9972600000 0.0007360000 ASTEP 2.033 868
3905.9938640000 1.0037840000 0.0007120000 ASTEP 2.036 857
3905.9945860000 0.9968020000 0.0007130000 ASTEP 2.039 835
3905.9953080000 1.0035880000 0.0007210000 ASTEP 2.042 845
3905.9960290000 1.0004260000 0.0007370000 ASTEP 2.045 875
3905.9967510000 1.0021520000 0.0007440000 ASTEP 2.048 878
3905.9974730000 1.0014400000 0.0007410000 ASTEP 2.051 886
3905.9981940000 0.9964880000 0.0007450000 ASTEP 2.054 868
3905.9989160000 0.9980560000 0.0007410000 ASTEP 2.057 857
3905.9996370000 0.9958440000 0.0007580000 ASTEP 2.060 853
3906.0003590000 1.0011820000 0.0007510000 ASTEP 2.063 867
3906.0010810000 0.9938910000 0.0007350000 ASTEP 2.066 880
3906.0018030000 1.0024870000 0.0007920000 ASTEP 2.069 876
3906.0025240000 1.0078880000 0.0009170000 ASTEP 2.072 865
3906.0032460000 1.0000280000 0.0009000000 ASTEP 2.075 851
3906.0039670000 0.9964810000 0.0007800000 ASTEP 2.077 848
3906.0046890000 0.9987320000 0.0007540000 ASTEP 2.080 849
3906.0054110000 0.9980130000 0.0007420000 ASTEP 2.083 868
3906.0061330000 0.9975860000 0.0007970000 ASTEP 2.086 879
3906.0068540000 1.0014040000 0.0008090000 ASTEP 2.089 858
3906.0075760000 0.9978550000 0.0007810000 ASTEP 2.092 847
3906.0082980000 1.0008270000 0.0007820000 ASTEP 2.095 855
3906.0090190000 1.0000560000 0.0007870000 ASTEP 2.098 865
3906.0097410000 0.9934510000 0.0007780000 ASTEP 2.101 850
3906.0104620000 0.9994640000 0.0007770000 ASTEP 2.104 853
3906.0111840000 0.9954510000 0.0007710000 ASTEP 2.106 842
3906.0119060000 0.9970870000 0.0007990000 ASTEP 2.109 851
3906.0126270000 0.9980470000 0.0007860000 ASTEP 2.112 859
3906.0133490000 0.9975360000 0.0007990000 ASTEP 2.115 890
3906.0140710000 0.9989440000 0.0007790000 ASTEP 2.118 905
3906.0147930000 0.9987600000 0.0008030000 ASTEP 2.121 952
3906.0155140000 1.0017090000 0.0007800000 ASTEP 2.124 1016
3906.0162360000 1.0028180000 0.0007890000 ASTEP 2.126 1038
3906.0169570000 0.9998580000 0.0007660000 ASTEP 2.129 1038
3906.0176790000 0.9991170000 0.0007680000 ASTEP 2.132 1029
3906.0184010000 1.0038280000 0.0007580000 ASTEP 2.135 1037
3906.0191220000 1.0032510000 0.0007510000 ASTEP 2.138 1025
3906.0198440000 1.0002450000 0.0007650000 ASTEP 2.141 1002
3906.0205660000 0.9982360000 0.0007520000 ASTEP 2.143 963
3906.0212870000 0.9956600000 0.0007480000 ASTEP 2.146 967
3906.0220090000 1.0016330000 0.0007540000 ASTEP 2.149 998
3906.0227310000 1.0023280000 0.0007750000 ASTEP 2.152 1008
3906.0234530000 0.9999780000 0.0007770000 ASTEP 2.154 985
3906.0241740000 1.0041920000 0.0007660000 ASTEP 2.157 947
3906.0248960000 1.0050720000 0.0007640000 ASTEP 2.160 937
3906.0256180000 1.0013290000 0.0007480000 ASTEP 2.163 961
3906.0263390000 1.0016540000 0.0007590000 ASTEP 2.166 984
3906.0270610000 1.0016070000 0.0007650000 ASTEP 2.168 997
3906.0277820000 0.9964140000 0.0007920000 ASTEP 2.171 979
3906.0285040000 1.0062350000 0.0007760000 ASTEP 2.174 923
3906.0292260000 0.9961170000 0.0007760000 ASTEP 2.177 887
3906.0299480000 0.9983260000 0.0008040000 ASTEP 2.179 891
3906.0306690000 1.0059560000 0.0008320000 ASTEP 2.182 931
3906.0313910000 0.9951980000 0.0008080000 ASTEP 2.185 948
3906.0321120000 1.0023400000 0.0007960000 ASTEP 2.187 969
3906.0328340000 0.9938240000 0.0007860000 ASTEP 2.190 990
3906.0335550000 0.9975970000 0.0008060000 ASTEP 2.193 973
3906.0342770000 1.0008620000 0.0008770000 ASTEP 2.195 922
3906.0349990000 0.9921900000 0.0008840000 ASTEP 2.198 905
3906.0357200000 0.9936280000 0.0008750000 ASTEP 2.201 901
3906.0364420000 0.9977280000 0.0008400000 ASTEP 2.203 913
3906.0371630000 1.0037090000 0.0008330000 ASTEP 2.206 916
3906.0378850000 0.9986730000 0.0008300000 ASTEP 2.208 925
3906.0386060000 0.9949000000 0.0008390000 ASTEP 2.211 904
3906.0393280000 1.0035980000 0.0008760000 ASTEP 2.213 894
3906.0400510000 0.9977660000 0.0008840000 ASTEP 2.216 903
3906.0407720000 0.9992890000 0.0008810000 ASTEP 2.219 907
3906.0414940000 1.0028210000 0.0008720000 ASTEP 2.221 899
3906.0422150000 0.9943770000 0.0008780000 ASTEP 2.224 880
3906.0429370000 0.9983120000 0.0008760000 ASTEP 2.226 865
3906.0436590000 1.0062780000 0.0008900000 ASTEP 2.229 853
3906.0443800000 0.9986630000 0.0008980000 ASTEP 2.231 857
3906.0451020000 0.9981840000 0.0009050000 ASTEP 2.234 861
3906.0458230000 1.0019540000 0.0009050000 ASTEP 2.236 847
3906.0465450000 0.9975340000 0.0008750000 ASTEP 2.239 848
3906.0472660000 0.9925260000 0.0008590000 ASTEP 2.241 856
3906.0479880000 1.0006950000 0.0008730000 ASTEP 2.244 830
3906.0487100000 0.9976660000 0.0008810000 ASTEP 2.246 819
3906.0494310000 0.9991300000 0.0008470000 ASTEP 2.248 809
3906.0501530000 1.0025210000 0.0008440000 ASTEP 2.251 808
3906.0508740000 0.9990000000 0.0008600000 ASTEP 2.253 806
3906.0515960000 0.9943930000 0.0008340000 ASTEP 2.256 789
3906.0523180000 0.9935450000 0.0008450000 ASTEP 2.258 774
3906.0530400000 1.0019520000 0.0008970000 ASTEP 2.260 772
3906.0537610000 0.9960270000 0.0008550000 ASTEP 2.263 764
3906.0544830000 1.0022070000 0.0008480000 ASTEP 2.265 766
3906.0552050000 1.0046310000 0.0008220000 ASTEP 2.267 768
3906.0559260000 0.9992460000 0.0008420000 ASTEP 2.270 768
3906.0566480000 0.9958860000 0.0008350000 ASTEP 2.272 772
3906.0573700000 1.0034760000 0.0008530000 ASTEP 2.274 755
3906.0580920000 0.9947770000 0.0008240000 ASTEP 2.277 746
3906.0588140000 0.9959350000 0.0008420000 ASTEP 2.279 753
3906.0595350000 0.9998930000 0.0008650000 ASTEP 2.281 765
3906.0602570000 0.9973370000 0.0008580000 ASTEP 2.283 764
3906.0609780000 1.0004380000 0.0008580000 ASTEP 2.286 766
3906.0617000000 1.0013990000 0.0008470000 ASTEP 2.288 761
3906.0624210000 0.9972190000 0.0008510000 ASTEP 2.290 763
3906.0631430000 0.9992790000 0.0008480000 ASTEP 2.292 765
3906.0638650000 1.0022380000 0.0008570000 ASTEP 2.294 758
3906.0645860000 0.9932710000 0.0009030000 ASTEP 2.296 745
3906.0653080000 0.9958690000 0.0008970000 ASTEP 2.298 752
3906.0660290000 0.9998730000 0.0008500000 ASTEP 2.300 746
3906.0667510000 0.9928040000 0.0008200000 ASTEP 2.303 759
3906.0674720000 0.9959570000 0.0008140000 ASTEP 2.305 789
3906.0681940000 0.9973020000 0.0008170000 ASTEP 2.307 801
3906.0689160000 1.0019810000 0.0008210000 ASTEP 2.309 793
3906.0696370000 0.9979160000 0.0008410000 ASTEP 2.311 789
3906.0703590000 0.9966590000 0.0008900000 ASTEP 2.313 774
3906.0710810000 1.0005380000 0.0008880000 ASTEP 2.315 759
3906.0718020000 0.9960380000 0.0008920000 ASTEP 2.317 774
3906.0725240000 1.0015700000 0.0009200000 ASTEP 2.319 784
3906.0732450000 1.0012140000 0.0009630000 ASTEP 2.321 795
3906.0739670000 0.9999350000 0.0009840000 ASTEP 2.323 777
3906.0746880000 0.9979240000 0.0009380000 ASTEP 2.324 759
3906.0754100000 1.0026490000 0.0008950000 ASTEP 2.326 758
3906.0761320000 0.9954060000 0.0008960000 ASTEP 2.328 775
3906.0768540000 1.0004830000 0.0009030000 ASTEP 2.330 779
3906.0775750000 0.9954390000 0.0009150000 ASTEP 2.332 782
3906.0782970000 0.9966050000 0.0009240000 ASTEP 2.334 787
3906.0790180000 0.9974260000 0.0009420000 ASTEP 2.335 805
3906.0797400000 0.9959110000 0.0009710000 ASTEP 2.337 819
3906.0804610000 0.9976110000 0.0009650000 ASTEP 2.339 839
3906.0811840000 0.9992940000 0.0009390000 ASTEP 2.341 838
3906.0819050000 0.9941650000 0.0009180000 ASTEP 2.342 829
3906.0826270000 0.9955320000 0.0009320000 ASTEP 2.344 794
3906.0833490000 0.9974640000 0.0009130000 ASTEP 2.346 761
3906.0840700000 1.0029200000 0.0008920000 ASTEP 2.348 747
3906.0847920000 1.0003400000 0.0009020000 ASTEP 2.349 756
3906.0855130000 0.9989150000 0.0008940000 ASTEP 2.351 753
3906.0862350000 1.0001350000 0.0008790000 ASTEP 2.352 740
3906.0869570000 1.0100000000 0.0008570000 ASTEP 2.354 747
3906.0876780000 0.9909180000 0.0008260000 ASTEP 2.356 729
3906.0884000000 1.0051020000 0.0008390000 ASTEP 2.357 716
3906.0891210000 1.0023870000 0.0008300000 ASTEP 2.359 732
3906.0898430000 1.0059180000 0.0008180000 ASTEP 2.360 734
3906.0905640000 1.0035550000 0.0008210000 ASTEP 2.362 730
3906.0912860000 1.0020570000 0.0008190000 ASTEP 2.363 729
3906.0920080000 0.9969930000 0.0008180000 ASTEP 2.365 740
3906.0927300000 0.9949670000 0.0008220000 ASTEP 2.366 757
3906.0934520000 1.0012050000 0.0008280000 ASTEP 2.367 755
3906.0941740000 0.9995780000 0.0008240000 ASTEP 2.369 727
3906.0948950000 1.0040610000 0.0008260000 ASTEP 2.370 709
3906.0956170000 1.0047330000 0.0008370000 ASTEP 2.371 696
3906.0963380000 0.9983290000 0.0008320000 ASTEP 2.373 698
3906.0970600000 1.0035730000 0.0008370000 ASTEP 2.374 713
3906.0977820000 1.0007740000 0.0008320000 ASTEP 2.375 724
3906.0985030000 1.0026030000 0.0008430000 ASTEP 2.377 723
3906.0992250000 1.0011710000 0.0008510000 ASTEP 2.378 719
3906.0999460000 0.9989750000 0.0008700000 ASTEP 2.379 727
3906.1006680000 0.9920890000 0.0008930000 ASTEP 2.380 725
3906.1013890000 0.9974490000 0.0009370000 ASTEP 2.382 720
3906.1021110000 0.9919960000 0.0008920000 ASTEP 2.383 693
3906.1028330000 0.9954050000 0.0008650000 ASTEP 2.384 677
3906.1035550000 0.9982780000 0.0008760000 ASTEP 2.385 688
3906.1042770000 0.9986680000 0.0008750000 ASTEP 2.386 710
3906.1049980000 0.9975780000 0.0008700000 ASTEP 2.387 719
3906.1057200000 1.0060830000 0.0008670000 ASTEP 2.388 724
3906.1064420000 1.0011290000 0.0008510000 ASTEP 2.389 720
3906.1071630000 0.9898740000 0.0008330000 ASTEP 2.390 702
3906.1078850000 0.9967050000 0.0008380000 ASTEP 2.391 695
3906.1086060000 0.9940360000 0.0008270000 ASTEP 2.392 703
3906.1093280000 1.0024870000 0.0008340000 ASTEP 2.393 706
3906.1100490000 0.9969690000 0.0008320000 ASTEP 2.394 705
3906.1107710000 0.9936960000 0.0008390000 ASTEP 2.395 700
3906.1114930000 0.9942440000 0.0008400000 ASTEP 2.396 694
3906.1122140000 1.0075170000 0.0008480000 ASTEP 2.397 692
3906.1129360000 1.0008330000 0.0008420000 ASTEP 2.397 687
3906.1136570000 0.9894750000 0.0008410000 ASTEP 2.398 698
3906.1143790000 0.9983150000 0.0008540000 ASTEP 2.399 709
3906.1151010000 1.0005240000 0.0008540000 ASTEP 2.400 722
3906.1158220000 1.0029220000 0.0008430000 ASTEP 2.400 720
3906.1165440000 0.9992860000 0.0008470000 ASTEP 2.401 718
3906.1172650000 0.9954180000 0.0008480000 ASTEP 2.402 730
3906.1179870000 0.9991900000 0.0008480000 ASTEP 2.402 755
3906.1187090000 1.0011140000 0.0008510000 ASTEP 2.403 782
3906.1194300000 0.9968490000 0.0008480000 ASTEP 2.404 781
3906.1201520000 0.9913740000 0.0008460000 ASTEP 2.404 774
3906.1208740000 1.0018620000 0.0008430000 ASTEP 2.405 747
3906.1215950000 0.9918730000 0.0008400000 ASTEP 2.405 716
3906.1223170000 0.9933540000 0.0008460000 ASTEP 2.406 723
3906.1230390000 0.9959600000 0.0008460000 ASTEP 2.406 739
3906.1237600000 0.9945700000 0.0008370000 ASTEP 2.407 736
3906.1244820000 0.9943730000 0.0008330000 ASTEP 2.407 731
3906.1252040000 1.0008310000 0.0008350000 ASTEP 2.408 725
3906.1259250000 0.9989510000 0.0008320000 ASTEP 2.408 725
3906.1266470000 0.9942010000 0.0008360000 ASTEP 2.409 709
3906.1273680000 0.9970620000 0.0008340000 ASTEP 2.409 693
3906.1280900000 0.9937210000 0.0008360000 ASTEP 2.409 672
3906.1288120000 0.9982220000 0.0008380000 ASTEP 2.410 668
3906.1295330000 0.9941150000 0.0008340000 ASTEP 2.410 666
3906.1302550000 0.9955860000 0.0008330000 ASTEP 2.410 662
3906.1309760000 0.9932650000 0.0008400000 ASTEP 2.410 643
3906.1316980000 0.9974940000 0.0008490000 ASTEP 2.411 629
3906.1324190000 0.9996590000 0.0008620000 ASTEP 2.411 634
3906.1331410000 0.9976450000 0.0008740000 ASTEP 2.411 638
3906.1338630000 0.9893150000 0.0009120000 ASTEP 2.411 646
3906.1345840000 0.9917500000 0.0009290000 ASTEP 2.411 663
3906.1353060000 0.9962720000 0.0009360000 ASTEP 2.411 672
3906.1360270000 0.9897650000 0.0009070000 ASTEP 2.411 685
3906.1367490000 0.9984400000 0.0008880000 ASTEP 2.411 676
3906.1374700000 0.9942860000 0.0008700000 ASTEP 2.411 669
3906.1381920000 0.9955230000 0.0008680000 ASTEP 2.411 669
3906.1389140000 0.9959230000 0.0008850000 ASTEP 2.411 702
3906.1396350000 0.9883980000 0.0008670000 ASTEP 2.411 731
3906.1403570000 0.9911480000 0.0008650000 ASTEP 2.411 738
3906.1410780000 0.9991540000 0.0008560000 ASTEP 2.411 730
3906.1418000000 0.9938920000 0.0008480000 ASTEP 2.411 713
3906.1425210000 0.9963920000 0.0008530000 ASTEP 2.411 705
3906.1432430000 0.9911820000 0.0008490000 ASTEP 2.411 700
3906.1439650000 0.9945320000 0.0008510000 ASTEP 2.411 700
3906.1446860000 0.9959350000 0.0008500000 ASTEP 2.410 695
3906.1454080000 0.9894300000 0.0008530000 ASTEP 2.410 697
3906.1461290000 0.9957950000 0.0008580000 ASTEP 2.410 718
3906.1468510000 0.9909670000 0.0008580000 ASTEP 2.410 731
3906.1475720000 0.9923850000 0.0008510000 ASTEP 2.409 727
3906.1482940000 0.9925180000 0.0008450000 ASTEP 2.409 732
3906.1490160000 1.0065310000 0.0008520000 ASTEP 2.409 751
3906.1497370000 1.0018660000 0.0008500000 ASTEP 2.408 775
3906.1504590000 0.9973830000 0.0008510000 ASTEP 2.408 785
3906.1511800000 0.9961900000 0.0008440000 ASTEP 2.407 792
3906.1519020000 0.9952760000 0.0008440000 ASTEP 2.407 775
3906.1526240000 0.9949830000 0.0008350000 ASTEP 2.406 763
3906.1533450000 1.0001470000 0.0008420000 ASTEP 2.406 759
3906.1540670000 1.0041010000 0.0008470000 ASTEP 2.405 759
3906.1547880000 0.9954050000 0.0008520000 ASTEP 2.405 776
3906.1555100000 1.0053440000 0.0008800000 ASTEP 2.404 790
3906.1562320000 0.9914090000 0.0009090000 ASTEP 2.404 783
3906.1569530000 0.9909660000 0.0009240000 ASTEP 2.403 769
3906.1576750000 0.9928170000 0.0009080000 ASTEP 2.402 781
3906.1583970000 0.9986490000 0.0009120000 ASTEP 2.402 803
3906.1591180000 0.9830440000 0.0008810000 ASTEP 2.401 845
3906.1598400000 1.0037120000 0.0008770000 ASTEP 2.400 871
3906.1605620000 0.9982810000 0.0009020000 ASTEP 2.400 877
3906.1612840000 0.9970210000 0.0009100000 ASTEP 2.399 860
3906.1620050000 0.9991810000 0.0009050000 ASTEP 2.398 834
3906.1627270000 0.9913880000 0.0008800000 ASTEP 2.397 814
3906.1634490000 0.9961990000 0.0008700000 ASTEP 2.397 817
3906.1641710000 0.9937480000 0.0008590000 ASTEP 2.396 825
3906.1648920000 0.9950790000 0.0008660000 ASTEP 2.395 833
3906.1656140000 0.9906540000 0.0008540000 ASTEP 2.394 844
3906.1663350000 0.9956210000 0.0008540000 ASTEP 2.393 852
3906.1670570000 0.9925950000 0.0008420000 ASTEP 2.392 856
3906.1677790000 0.9917900000 0.0008330000 ASTEP 2.391 852
3906.1685000000 0.9940870000 0.0008370000 ASTEP 2.390 837
3906.1692220000 0.9923070000 0.0008290000 ASTEP 2.389 862
3906.1699430000 0.9967350000 0.0008300000 ASTEP 2.388 861
3906.1706650000 1.0044300000 0.0008290000 ASTEP 2.387 851
3906.1713870000 0.9901850000 0.0008210000 ASTEP 2.386 843
3906.1721080000 0.9945440000 0.0008290000 ASTEP 2.385 828
3906.1728300000 0.9934970000 0.0008320000 ASTEP 2.384 808
3906.1735510000 0.9927400000 0.0008330000 ASTEP 2.383 801
3906.1742730000 0.9980650000 0.0008330000 ASTEP 2.382 804
3906.1749950000 0.9966640000 0.0008310000 ASTEP 2.380 826
3906.1757160000 0.9988790000 0.0008350000 ASTEP 2.379 829
3906.1764380000 0.9949650000 0.0008350000 ASTEP 2.378 842
3906.1771600000 0.9974140000 0.0008350000 ASTEP 2.377 838
3906.1778810000 0.9932970000 0.0008320000 ASTEP 2.375 820
3906.1786030000 0.9947370000 0.0008350000 ASTEP 2.374 825
3906.1793250000 0.9910690000 0.0008330000 ASTEP 2.373 839
3906.1800460000 0.9954000000 0.0008350000 ASTEP 2.371 851
3906.1807680000 0.9943490000 0.0008350000 ASTEP 2.370 861
3906.1814900000 0.9965820000 0.0008340000 ASTEP 2.369 849
3906.1822110000 0.9887830000 0.0008330000 ASTEP 2.367 820
3906.1829330000 0.9873550000 0.0008370000 ASTEP 2.366 811
3906.1836550000 0.9941570000 0.0008500000 ASTEP 2.365 819
3906.1843770000 0.9940820000 0.0008480000 ASTEP 2.363 814
3906.1850980000 0.9934890000 0.0008380000 ASTEP 2.362 833
3906.1858200000 0.9905300000 0.0008370000 ASTEP 2.360 831
3906.1865420000 1.0001330000 0.0008460000 ASTEP 2.359 819
3906.1872630000 0.9947080000 0.0008450000 ASTEP 2.357 802
3906.1879850000 0.9947360000 0.0008480000 ASTEP 2.356 797
3906.1887070000 0.9944090000 0.0008480000 ASTEP 2.354 802
3906.1894290000 0.9885240000 0.0008490000 ASTEP 2.352 813
3906.1901500000 0.9940480000 0.0008530000 ASTEP 2.351 832
3906.1908720000 0.9989700000 0.0008580000 ASTEP 2.349 825
3906.1915940000 0.9903480000 0.0008610000 ASTEP 2.348 826
3906.1923150000 0.9961660000 0.0008570000 ASTEP 2.346 820
3906.1930370000 1.0001590000 0.0008520000 ASTEP 2.344 817
3906.1937580000 0.9941950000 0.0008490000 ASTEP 2.343 797
3906.1944800000 0.9915850000 0.0008380000 ASTEP 2.341 794
3906.1952020000 0.9933030000 0.0008340000 ASTEP 2.339 796
3906.1959230000 0.9936560000 0.0008320000 ASTEP 2.337 778
3906.1966450000 0.9982920000 0.0008350000 ASTEP 2.336 751
3906.1973670000 0.9961230000 0.0008330000 ASTEP 2.334 735
3906.1980880000 0.9961820000 0.0008380000 ASTEP 2.332 749
3906.1988100000 0.9928430000 0.0008350000 ASTEP 2.330 774
3906.1995310000 0.9959540000 0.0008380000 ASTEP 2.328 783
3906.2002530000 0.9944650000 0.0008390000 ASTEP 2.326 769
3906.2009750000 0.9951630000 0.0008430000 ASTEP 2.324 765
3906.2016960000 0.9928110000 0.0008460000 ASTEP 2.323 757
3906.2024180000 0.9968730000 0.0008490000 ASTEP 2.321 764
3906.2031400000 0.9950340000 0.0008450000 ASTEP 2.319 759
3906.2038610000 0.9956780000 0.0008490000 ASTEP 2.317 754
3906.2045830000 0.9959140000 0.0008560000 ASTEP 2.315 745
3906.2053040000 1.0022230000 0.0008610000 ASTEP 2.313 737
3906.2060260000 0.9905560000 0.0008450000 ASTEP 2.311 751
3906.2067480000 0.9929830000 0.0008340000 ASTEP 2.309 751
3906.2074690000 0.9959190000 0.0008280000 ASTEP 2.307 734
3906.2081910000 0.9937770000 0.0008250000 ASTEP 2.305 697
3906.2089120000 0.9954370000 0.0008240000 ASTEP 2.303 669
3906.2096340000 1.0008770000 0.0008250000 ASTEP 2.301 649
3906.2103550000 0.9976280000 0.0008280000 ASTEP 2.298 651
3906.2110770000 0.9936350000 0.0008260000 ASTEP 2.296 663
3906.2117990000 0.9967720000 0.0008270000 ASTEP 2.294 656
3906.2125200000 0.9960300000 0.0008200000 ASTEP 2.292 653
3906.2132420000 0.9951620000 0.0008200000 ASTEP 2.290 624
3906.2139640000 0.9958540000 0.0008290000 ASTEP 2.288 620
3906.2146850000 1.0005390000 0.0008400000 ASTEP 2.286 615
3906.2154070000 0.9976100000 0.0008270000 ASTEP 2.283 620
3906.2161290000 0.9910720000 0.0008170000 ASTEP 2.281 620
3906.2168500000 0.9883880000 0.0008170000 ASTEP 2.279 632
3906.2175720000 0.9979670000 0.0008230000 ASTEP 2.277 651
3906.2182940000 0.9982960000 0.0008190000 ASTEP 2.274 661
3906.2190160000 0.9949100000 0.0008160000 ASTEP 2.272 671
3906.2197380000 0.9940320000 0.0008160000 ASTEP 2.270 666
3906.2204590000 0.9978140000 0.0008240000 ASTEP 2.267 658
3906.2211810000 0.9986650000 0.0008270000 ASTEP 2.265 643
3906.2219030000 0.9905480000 0.0008210000 ASTEP 2.263 644
3906.2226240000 0.9976880000 0.0008200000 ASTEP 2.260 653
3906.2233460000 0.9956210000 0.0008190000 ASTEP 2.258 665
3906.2240680000 0.9957690000 0.0008180000 ASTEP 2.256 682
3906.2247890000 0.9922180000 0.0008130000 ASTEP 2.253 691
3906.2255110000 1.0002160000 0.0008160000 ASTEP 2.251 691
3906.2262330000 0.9985310000 0.0008130000 ASTEP 2.249 701
3906.2269540000 0.9927690000 0.0008140000 ASTEP 2.246 717
3906.2276760000 0.9939500000 0.0008290000 ASTEP 2.244 728
3906.2283980000 0.9943360000 0.0008190000 ASTEP 2.241 731
3906.2291200000 0.9916790000 0.0008190000 ASTEP 2.239 737
3906.2298410000 0.9957350000 0.0008170000 ASTEP 2.236 747
3906.2305630000 0.9919110000 0.0008140000 ASTEP 2.234 761
3906.2312840000 0.9955650000 0.0008140000 ASTEP 2.231 774
3906.2320060000 0.9927820000 0.0008120000 ASTEP 2.229 786
3906.2327280000 0.9923250000 0.0008240000 ASTEP 2.226 795
3906.2334490000 0.9911730000 0.0008480000 ASTEP 2.224 793
3906.2341710000 1.0001950000 0.0008640000 ASTEP 2.221 783
3906.2348930000 0.9965380000 0.0008560000 ASTEP 2.219 779
3906.2356140000 0.9933360000 0.0008740000 ASTEP 2.216 782
3906.2363360000 0.9886040000 0.0008720000 ASTEP 2.213 766
3906.2370580000 0.9892880000 0.0008460000 ASTEP 2.211 736
3906.2377790000 0.9949800000 0.0008270000 ASTEP 2.208 704
3906.2385010000 0.9865960000 0.0008110000 ASTEP 2.206 704
3906.2392220000 0.9957690000 0.0008150000 ASTEP 2.203 714
3906.2399440000 0.9949240000 0.0008060000 ASTEP 2.201 711
3906.2406650000 0.9932000000 0.0008020000 ASTEP 2.198 716
3906.2413870000 0.9938370000 0.0008040000 ASTEP 2.195 711
3906.2421090000 0.9933870000 0.0008010000 ASTEP 2.193 723
3906.2428300000 0.9939630000 0.0007910000 ASTEP 2.190 722
3906.2435530000 0.9967920000 0.0007910000 ASTEP 2.187 717
3906.2442740000 0.9954030000 0.0007860000 ASTEP 2.185 702
3906.2449960000 0.9963270000 0.0007910000 ASTEP 2.182 696
3906.2457180000 0.9991100000 0.0007900000 ASTEP 2.179 709
3906.2464390000 0.9951850000 0.0007910000 ASTEP 2.177 737
3906.2471610000 0.9942860000 0.0007970000 ASTEP 2.174 760
3906.2478820000 0.9960280000 0.0008090000 ASTEP 2.171 769
3906.2486040000 0.9976470000 0.0008350000 ASTEP 2.168 778
3906.2493260000 1.0000320000 0.0008460000 ASTEP 2.166 783
3906.2500480000 0.9954470000 0.0008320000 ASTEP 2.163 793
3906.2507690000 0.9969040000 0.0008260000 ASTEP 2.160 796
3906.2514910000 1.0010560000 0.0008050000 ASTEP 2.157 793
3906.2522120000 0.9973510000 0.0007770000 ASTEP 2.155 791
3906.2529340000 0.9928030000 0.0007830000 ASTEP 2.152 792
3906.2536560000 0.9920840000 0.0007730000 ASTEP 2.149 774
3906.2543770000 0.9966030000 0.0007770000 ASTEP 2.146 742
3906.2550990000 0.9940780000 0.0007730000 ASTEP 2.143 718
3906.2558200000 0.9980750000 0.0007760000 ASTEP 2.141 710
3906.2565420000 0.9992480000 0.0007800000 ASTEP 2.138 690
3906.2572640000 0.9969340000 0.0007730000 ASTEP 2.135 670
3906.2579850000 0.9957620000 0.0007720000 ASTEP 2.132 677
3906.2587070000 0.9972220000 0.0007750000 ASTEP 2.129 683
3906.2594280000 0.9949490000 0.0007680000 ASTEP 2.127 684
3906.2601500000 0.9960880000 0.0007670000 ASTEP 2.124 695
3906.2608730000 0.9980460000 0.0007690000 ASTEP 2.121 709
3906.2615940000 0.9973980000 0.0007680000 ASTEP 2.118 708
3906.2623160000 0.9989880000 0.0007700000 ASTEP 2.115 707
3906.2630380000 0.9989030000 0.0007700000 ASTEP 2.112 692
3906.2637590000 0.9955790000 0.0007710000 ASTEP 2.109 660
3906.2644810000 0.9957740000 0.0007750000 ASTEP 2.107 651
3906.2652020000 0.9951470000 0.0007770000 ASTEP 2.104 662
3906.2659240000 0.9944010000 0.0007780000 ASTEP 2.101 679
3906.2666460000 0.9990740000 0.0007850000 ASTEP 2.098 676
3906.2673670000 0.9948750000 0.0007790000 ASTEP 2.095 676
3906.2680890000 0.9946740000 0.0007810000 ASTEP 2.092 678
3906.2688100000 0.9964090000 0.0007840000 ASTEP 2.089 679
3906.2695320000 0.9960830000 0.0007910000 ASTEP 2.086 677
3906.2702540000 0.9965250000 0.0007900000 ASTEP 2.083 676
3906.2709750000 0.9926480000 0.0007860000 ASTEP 2.080 689
3906.2716970000 1.0009590000 0.0007890000 ASTEP 2.078 707
3906.2724190000 0.9954840000 0.0007780000 ASTEP 2.075 714
3906.2731400000 0.9958540000 0.0007780000 ASTEP 2.072 733
3906.2738620000 0.9954430000 0.0007840000 ASTEP 2.069 737
3906.2745830000 0.9964450000 0.0007830000 ASTEP 2.066 720
3906.2753050000 1.0009270000 0.0007800000 ASTEP 2.063 689
3906.2760270000 0.9955910000 0.0007740000 ASTEP 2.060 669
3906.2767490000 0.9969430000 0.0007810000 ASTEP 2.057 658
3906.2774700000 0.9951050000 0.0007850000 ASTEP 2.054 665
3906.2781920000 0.9959080000 0.0007820000 ASTEP 2.051 670
3906.2789140000 0.9973130000 0.0007740000 ASTEP 2.048 667
3906.2796360000 0.9964450000 0.0007750000 ASTEP 2.045 649
3906.2803580000 0.9977340000 0.0007710000 ASTEP 2.042 630
3906.2810800000 0.9971560000 0.0007760000 ASTEP 2.039 630
3906.2818010000 0.9971200000 0.0008210000 ASTEP 2.036 635
3906.2825230000 0.9946780000 0.0007830000 ASTEP 2.033 628
3906.2832450000 1.0040220000 0.0007800000 ASTEP 2.030 650
3906.2839660000 0.9936080000 0.0007730000 ASTEP 2.027 641
3906.2846880000 0.9952460000 0.0007750000 ASTEP 2.025 630
3906.2854100000 0.9997260000 0.0007720000 ASTEP 2.022 638
3906.2861310000 0.9882090000 0.0007730000 ASTEP 2.019 659
3906.2868530000 0.9962020000 0.0007800000 ASTEP 2.016 649
3906.2875750000 1.0007350000 0.0007880000 ASTEP 2.013 638
3906.2882970000 0.9956330000 0.0007740000 ASTEP 2.010 623
3906.2890180000 0.9957350000 0.0007580000 ASTEP 2.007 620
3906.2897400000 0.9983350000 0.0007460000 ASTEP 2.004 625
3906.2904610000 0.9950490000 0.0007440000 ASTEP 2.001 633
3906.2911830000 1.0003180000 0.0007470000 ASTEP 1.998 641
3906.2919040000 0.9987890000 0.0007460000 ASTEP 1.995 640
3906.2926260000 0.9962100000 0.0007440000 ASTEP 1.992 616
3906.2933480000 0.9939930000 0.0007440000 ASTEP 1.989 609
3906.2940690000 0.9924110000 0.0007420000 ASTEP 1.986 614
3906.2947910000 0.9973250000 0.0007430000 ASTEP 1.983 626
3906.2955130000 0.9966450000 0.0007460000 ASTEP 1.980 618
3906.2962340000 0.9970180000 0.0007460000 ASTEP 1.977 608
3906.2969560000 0.9969400000 0.0007470000 ASTEP 1.974 591
3906.2976780000 0.9962260000 0.0007520000 ASTEP 1.971 590
3906.2984000000 0.9955990000 0.0007630000 ASTEP 1.968 603
3906.2991210000 1.0006600000 0.0007690000 ASTEP 1.965 611
3906.2998430000 0.9959140000 0.0007580000 ASTEP 1.962 606
3906.3005650000 0.9997170000 0.0007540000 ASTEP 1.959 607
3906.3012870000 0.9945520000 0.0007510000 ASTEP 1.956 616
3906.3020080000 0.9973200000 0.0007510000 ASTEP 1.953 604
3906.3027300000 0.9985340000 0.0007510000 ASTEP 1.950 596
3906.3034510000 0.9980780000 0.0007480000 ASTEP 1.947 596
3906.3041730000 0.9978660000 0.0007460000 ASTEP 1.944 599
3906.3048950000 1.0019650000 0.0007450000 ASTEP 1.941 601
3906.3056160000 0.9972940000 0.0007400000 ASTEP 1.938 596
3906.3063380000 0.9980380000 0.0007410000 ASTEP 1.935 588
3906.3070600000 1.0001860000 0.0007430000 ASTEP 1.932 598
3906.3077820000 0.9943420000 0.0007390000 ASTEP 1.929 604
3906.3085030000 0.9961640000 0.0007350000 ASTEP 1.927 607
3906.3092250000 0.9956590000 0.0007330000 ASTEP 1.924 614
3906.3099460000 1.0005470000 0.0007330000 ASTEP 1.921 609
3906.3106680000 0.9981610000 0.0007350000 ASTEP 1.918 607
3906.3113900000 0.9985870000 0.0007420000 ASTEP 1.915 603
3906.3121120000 0.9977760000 0.0007470000 ASTEP 1.912 598
3906.3128330000 0.9958120000 0.0007510000 ASTEP 1.909 593
3906.3135550000 0.9946980000 0.0007460000 ASTEP 1.906 572
3906.3142770000 0.9970720000 0.0007510000 ASTEP 1.903 544
3906.3149980000 0.9923740000 0.0007530000 ASTEP 1.900 524
3906.3157200000 0.9979930000 0.0007580000 ASTEP 1.897 526
3906.3164420000 0.9998590000 0.0007550000 ASTEP 1.894 534
3906.3171630000 0.9983240000 0.0007450000 ASTEP 1.891 540
3906.3178850000 1.0008080000 0.0007330000 ASTEP 1.888 529
3906.3186070000 1.0022900000 0.0007300000 ASTEP 1.885 495
3906.3193290000 0.9954060000 0.0007240000 ASTEP 1.882 468
3906.3200510000 1.0005050000 0.0007290000 ASTEP 1.880 466
3906.3207730000 1.0012760000 0.0007310000 ASTEP 1.877 476
3906.3214940000 0.9977750000 0.0007270000 ASTEP 1.874 479
3906.3222160000 1.0025450000 0.0007270000 ASTEP 1.871 480
3906.3229370000 0.9972980000 0.0007240000 ASTEP 1.868 461
3906.3236590000 0.9981470000 0.0007260000 ASTEP 1.865 455
3906.3243810000 0.9992840000 0.0007290000 ASTEP 1.862 452
3906.3251030000 1.0013780000 0.0007330000 ASTEP 1.859 445
3906.3258240000 1.0007490000 0.0007270000 ASTEP 1.856 444
3906.3265460000 0.9988470000 0.0007250000 ASTEP 1.853 455
3906.3272670000 0.9970970000 0.0007250000 ASTEP 1.850 462
3906.3279890000 1.0003680000 0.0007290000 ASTEP 1.848 470
3906.3287110000 1.0013100000 0.0007340000 ASTEP 1.845 472
3906.3294330000 1.0013280000 0.0007320000 ASTEP 1.842 449
3906.3301540000 1.0039830000 0.0007330000 ASTEP 1.839 429
3906.3308760000 0.9961340000 0.0007230000 ASTEP 1.836 439
3906.3315980000 1.0012410000 0.0007290000 ASTEP 1.833 443
3906.3323190000 1.0007580000 0.0007270000 ASTEP 1.830 455
3906.3330410000 1.0000890000 0.0007250000 ASTEP 1.828 466
3906.3337620000 0.9983530000 0.0007250000 ASTEP 1.825 465
3906.3344840000 1.0038850000 0.0007270000 ASTEP 1.822 464
3906.3352060000 1.0003570000 0.0007270000 ASTEP 1.819 491
3906.3359270000 1.0022910000 0.0007230000 ASTEP 1.816 517
3906.3366490000 1.0016930000 0.0007370000 ASTEP 1.813 546
3906.3373700000 1.0022230000 0.0007520000 ASTEP 1.810 554
3906.3380920000 0.9974270000 0.0007410000 ASTEP 1.808 551
3906.3388130000 1.0019490000 0.0007340000 ASTEP 1.805 546
3906.3395350000 1.0026280000 0.0007260000 ASTEP 1.802 547
3906.3402570000 0.9997750000 0.0007320000 ASTEP 1.799 549
3906.3409790000 0.9999010000 0.0007230000 ASTEP 1.796 555
3906.3417000000 0.9967460000 0.0007190000 ASTEP 1.794 554
3906.3424220000 1.0033840000 0.0007220000 ASTEP 1.791 571
3906.3431430000 1.0005100000 0.0007180000 ASTEP 1.788 605
3906.3438650000 1.0003620000 0.0007150000 ASTEP 1.785 646
3906.3445870000 1.0015570000 0.0007160000 ASTEP 1.782 645
3906.3453080000 0.9975590000 0.0007150000 ASTEP 1.780 660
3906.3460300000 0.9995990000 0.0007170000 ASTEP 1.777 649
3906.3467520000 1.0030040000 0.0007190000 ASTEP 1.774 636
3906.3474740000 1.0013280000 0.0007180000 ASTEP 1.771 654
3906.3481950000 1.0006760000 0.0007210000 ASTEP 1.769 669
3906.3489170000 0.9975910000 0.0007200000 ASTEP 1.766 683
3906.3496390000 0.9991310000 0.0007210000 ASTEP 1.763 683
3906.3503610000 0.9994950000 0.0007190000 ASTEP 1.760 678
3906.3510820000 0.9993850000 0.0007160000 ASTEP 1.758 675
3906.3518040000 1.0023820000 0.0007180000 ASTEP 1.755 702
3906.3525250000 0.9976620000 0.0007150000 ASTEP 1.752 722
3906.3532470000 0.9969260000 0.0007180000 ASTEP 1.750 729
3906.3539680000 0.9998850000 0.0007200000 ASTEP 1.747 734
3906.3546900000 0.9973980000 0.0007210000 ASTEP 1.744 740
3906.3554120000 0.9996940000 0.0007230000 ASTEP 1.741 748
3906.3561330000 1.0007730000 0.0007320000 ASTEP 1.739 777
3906.3568550000 0.9988540000 0.0007390000 ASTEP 1.736 816
3906.3575760000 0.9963810000 0.0007210000 ASTEP 1.733 833
3906.3582980000 0.9974910000 0.0007220000 ASTEP 1.731 845
3906.3590200000 0.9989320000 0.0007200000 ASTEP 1.728 843
3906.3597410000 0.9968550000 0.0007190000 ASTEP 1.725 836
3906.3604630000 0.9997740000 0.0007210000 ASTEP 1.723 824
3906.3611840000 0.9962230000 0.0007170000 ASTEP 1.720 824
3906.3619060000 0.9976320000 0.0007180000 ASTEP 1.717 827
3906.3626280000 0.9981550000 0.0007190000 ASTEP 1.715 844
3906.3633490000 0.9955510000 0.0007160000 ASTEP 1.712 862
3906.3640710000 0.9984870000 0.0007250000 ASTEP 1.710 874
3906.3647930000 0.9980220000 0.0007270000 ASTEP 1.707 888
3906.3655140000 0.9994520000 0.0007240000 ASTEP 1.704 889
3906.3662360000 0.9981680000 0.0007180000 ASTEP 1.702 867
3906.3669580000 0.9960990000 0.0007330000 ASTEP 1.699 863
3906.3676790000 0.9985360000 0.0007220000 ASTEP 1.697 874
3906.3684010000 0.9954980000 0.0007140000 ASTEP 1.694 905
3906.3691220000 0.9979620000 0.0007160000 ASTEP 1.691 931
3906.3698440000 0.9966580000 0.0007150000 ASTEP 1.689 930
3906.3705650000 0.9968200000 0.0007160000 ASTEP 1.686 941
3906.3712870000 0.9982440000 0.0007380000 ASTEP 1.684 978
3906.3720090000 1.0007350000 0.0007390000 ASTEP 1.681 1028
3906.3727300000 1.0018700000 0.0007230000 ASTEP 1.679 1037
3906.3734520000 0.9990560000 0.0007270000 ASTEP 1.676 1035
3906.3741730000 0.9959360000 0.0007240000 ASTEP 1.673 1036
3906.3748950000 1.0001620000 0.0007150000 ASTEP 1.671 1063
3906.3756160000 0.9976660000 0.0007190000 ASTEP 1.668 1111
3906.3763380000 0.9957490000 0.0007110000 ASTEP 1.666 1128
3906.3770600000 0.9975710000 0.0007140000 ASTEP 1.663 1141
3906.3777810000 0.9938900000 0.0007120000 ASTEP 1.661 1257
3906.3785030000 0.9948110000 0.0007110000 ASTEP 1.658 1340
3906.3792240000 0.9973740000 0.0007110000 ASTEP 1.656 1096
3906.3799460000 0.9950690000 0.0007130000 ASTEP 1.653 1076
3906.3806670000 0.9999510000 0.0007180000 ASTEP 1.651 1104
3906.3813890000 0.9942580000 0.0007330000 ASTEP 1.649 1147
3906.3821110000 0.9967590000 0.0007710000 ASTEP 1.646 1210
3906.3828320000 0.9957630000 0.0007660000 ASTEP 1.644 1237
3906.3835540000 0.9973160000 0.0007760000 ASTEP 1.641 1287
3906.3842750000 0.9944370000 0.0007460000 ASTEP 1.639 1299
3906.3849970000 0.9936720000 0.0007060000 ASTEP 1.636 1298
3906.3857190000 0.9993750000 0.0007050000 ASTEP 1.634 1351
3906.3864410000 0.9951230000 0.0007050000 ASTEP 1.631 1410
3906.3871620000 0.9949090000 0.0007040000 ASTEP 1.629 1449
3906.3878840000 0.9964170000 0.0007010000 ASTEP 1.627 1489
3906.3886050000 0.9969680000 0.0007010000 ASTEP 1.624 1546
3906.3893270000 0.9982920000 0.0007030000 ASTEP 1.622 1599
3906.3900490000 0.9981380000 0.0007050000 ASTEP 1.619 1665
3906.3907700000 0.9950520000 0.0007010000 ASTEP 1.617 1715
3906.3914920000 0.9960190000 0.0007030000 ASTEP 1.615 1778
3906.3922130000 0.9969450000 0.0007040000 ASTEP 1.612 1852
3906.3929350000 1.0006400000 0.0007110000 ASTEP 1.610 1935
3906.3936560000 0.9978950000 0.0007120000 ASTEP 1.608 2009
3906.3943780000 0.9924980000 0.0007100000 ASTEP 1.605 2096
3906.3951000000 0.9945220000 0.0007070000 ASTEP 1.603 2198
3906.3958210000 0.9960080000 0.0007080000 ASTEP 1.601 2310
3906.3965430000 0.9966160000 0.0007180000 ASTEP 1.598 2441
3906.3972640000 0.9955330000 0.0007150000 ASTEP 1.596 2525
3906.3979860000 0.9967120000 0.0007100000 ASTEP 1.594 2599
3906.3987080000 0.9975610000 0.0007120000 ASTEP 1.591 2717
3906.3994290000 0.9984420000 0.0007280000 ASTEP 1.589 2905
3906.4001510000 0.9939800000 0.0007290000 ASTEP 1.587 3067
3906.4008720000 0.9955650000 0.0007270000 ASTEP 1.585 3183
3906.4015940000 1.0000560000 0.0007240000 ASTEP 1.582 3268
3906.4023150000 0.9955010000 0.0007230000 ASTEP 1.580 3394
3906.4030370000 0.9935800000 0.0007200000 ASTEP 1.578 3519
3906.4037590000 0.9957680000 0.0007210000 ASTEP 1.576 3679
3906.4044800000 0.9950900000 0.0007220000 ASTEP 1.573 3849
3906.4052020000 0.9952080000 0.0007250000 ASTEP 1.571 4042
3906.4059230000 0.9947700000 0.0007230000 ASTEP 1.569 4244
3906.4066450000 0.9958040000 0.0007240000 ASTEP 1.567 4450
3906.4073670000 0.9993540000 0.0007270000 ASTEP 1.565 4675
3906.4080880000 0.9942260000 0.0007240000 ASTEP 1.562 4928
3906.4088100000 0.9954530000 0.0007170000 ASTEP 1.560 5159
3906.4095310000 0.9943250000 0.0007140000 ASTEP 1.558 5409
3906.4102530000 0.9958820000 0.0007150000 ASTEP 1.556 5686
3906.4109750000 0.9974000000 0.0007160000 ASTEP 1.554 5980
3906.4116960000 0.9963290000 0.0007150000 ASTEP 1.551 6293
3906.4124180000 0.9935590000 0.0007140000 ASTEP 1.549 6628
3906.4131390000 0.9949050000 0.0007110000 ASTEP 1.547 6963
3906.4138610000 0.9927540000 0.0007010000 ASTEP 1.545 7357
3906.4145820000 0.9958360000 0.0007020000 ASTEP 1.543 7765
3906.4153040000 0.9972360000 0.0007060000 ASTEP 1.541 8213
3906.4160260000 0.9922390000 0.0007020000 ASTEP 1.539 8673
3906.4167470000 0.9953920000 0.0007020000 ASTEP 1.537 9157
3906.4174690000 0.9960590000 0.0007020000 ASTEP 1.534 9672
3906.4181900000 0.9978000000 0.0007040000 ASTEP 1.532 10209
3906.4189120000 0.9950490000 0.0006990000 ASTEP 1.530 10768
3906.4196330000 0.9989180000 0.0007010000 ASTEP 1.528 11385
3906.4203560000 0.9953460000 0.0006980000 ASTEP 1.526 12008
3906.4210780000 0.9977120000 0.0007000000 ASTEP 1.524 12731
3906.4217990000 0.9938520000 0.0006990000 ASTEP 1.522 13465
3906.4225210000 0.9943760000 0.0006960000 ASTEP 1.520 14228
3906.4232420000 0.9950900000 0.0006910000 ASTEP 1.518 15027
3906.4239640000 0.9965920000 0.0006890000 ASTEP 1.516 15899
3906.4246860000 0.9923370000 0.0006920000 ASTEP 1.514 16848
3906.4254070000 0.9913060000 0.0006960000 ASTEP 1.512 17854
3906.4261290000 0.9976410000 0.0006950000 ASTEP 1.510 18931
3906.4268500000 0.9941560000 0.0006920000 ASTEP 1.508 20072
3906.4275720000 0.9948080000 0.0006920000 ASTEP 1.506 21239
3906.4282930000 0.9965490000 0.0006930000 ASTEP 1.504 22596
3906.4290150000 0.9998520000 0.0006990000 ASTEP 1.502 24283
3906.4297370000 0.9952400000 0.0006910000 ASTEP 1.500 25423
3906.4304580000 0.9924970000 0.0007020000 ASTEP 1.498 27903
3906.4311800000 0.9922180000 0.0007410000 ASTEP 1.496 31931
3906.4319010000 0.9933650000 0.0007560000 ASTEP 1.494 34001
3906.4326230000 0.9988510000 0.0007540000 ASTEP 1.492 35844
3906.4333440000 0.9944130000 0.0007590000 ASTEP 1.490 38447
3906.4340660000 0.9989420000 0.0007620000 ASTEP 1.488 41545
3906.4347880000 0.9969090000 0.0007690000 ASTEP 1.486 43485
3906.4355090000 0.9924570000 0.0007820000 ASTEP 1.484 47393
3906.4362310000 0.9904700000 0.0007530000 ASTEP 1.482 48330
3906.4369530000 1.0027020000 0.0007310000 ASTEP 1.481 50042
3906.4376740000 0.9927270000 0.0007160000 ASTEP 1.479 52968
3906.4383960000 0.9913330000 0.0007420000 ASTEP 1.477 58621
3906.4391170000 0.9959580000 0.0007430000 ASTEP 1.475 62408
3906.4398390000 0.9948410000 0.0007610000 ASTEP 1.473 68507
