time flux flux_err
1517.9308301625 nan nan
1517.9516641656 nan nan
1517.9724981693 nan nan
1517.9933321734 nan nan
1518.0141661779 nan nan
1518.0350001829 nan nan
1518.0975021995 nan nan
1518.1183362056 nan nan
1518.1391702118 nan nan
1518.1600042183 nan nan
1518.1808382249 nan nan
1518.2016722316 nan nan
1518.2433402452 0.9995873877 0.0008167034
1518.2641742521 0.9985917984 0.0008167066
1518.2850082590 0.9995894505 0.0008166850
1518.3058422659 0.9995234663 0.0008166877
1518.3266762728 1.0006380913 0.0008166934
1518.3475102796 0.9996686228 0.0008166729
1518.3683442863 0.9988019686 0.0008166862
1518.3891782930 0.9998601103 0.0008166937
1518.4516803124 0.9991087139 0.0008166902
1518.4725143186 0.9997817610 0.0008166713
1518.5141823304 1.0007036907 0.0008166623
1518.5350163361 1.0002400452 0.0008166704
1518.5766843468 1.0021481287 0.0008166588
1518.5975183518 1.0009165242 0.0008166659
1518.6183523566 1.0013311497 0.0008166705
1518.6391863611 1.0008357489 0.0008166790
1518.6600203653 0.9989372726 0.0008166656
1518.6808543693 1.0012390421 0.0008166758
1518.7016883730 1.0009161497 0.0008166634
1518.7433563796 1.0000438539 0.0008166831
1518.7641903824 1.0000378954 0.0008166732
1518.7850243849 0.9995072667 0.0008166745
1518.8058583871 1.0004813665 0.0008166731
1518.8266923889 0.9992936068 0.0008166764
1518.8475263904 1.0000123407 0.0008166731
1518.8683603916 0.9993547749 0.0008166625
1518.8891943924 0.9976076301 0.0008166567
1518.9100283928 1.0002360727 0.0008166521
1518.9308623929 1.0011670955 0.0008166437
1518.9516963926 0.9999954893 0.0008166457
1518.9725303919 0.9994044786 0.0008166457
1518.9933643908 1.0000297440 0.0008166379
1519.0141983894 0.9987885256 0.0008166358
1519.0350323875 1.0002181225 0.0008166331
1519.0558663853 1.0004254331 0.0008166381
1519.0767003828 1.0006743326 0.0008166469
1519.0975343797 1.0001732550 0.0008166489
1519.1183683762 1.0008368725 0.0008166304
1519.1392023723 1.0008005891 0.0008166101
1519.1600363680 1.0000517610 0.0008166099
1519.1808703632 0.9987330611 0.0008166055
1519.2017043580 0.9992545570 0.0008166136
1519.2225383524 0.9975628610 0.0008166078
1519.2433723463 0.9997324023 0.0008166037
1519.2642063398 1.0010667575 0.0008166041
1519.2850403328 0.9997699336 0.0008166057
1519.3058743254 0.9995907397 0.0008165863
1519.3267083175 1.0012053279 0.0008165959
1519.3475423091 0.9992303013 0.0008165794
1519.3683763003 0.9995060909 0.0008165795
1519.3892102910 0.9999294690 0.0008165789
1519.4100442813 1.0002390988 0.0008165771
1519.4308782710 0.9995533480 0.0008165672
1519.4517122603 1.0013101976 0.0008165660
1519.4725462491 1.0002186596 0.0008165669
1519.4933802375 0.9999581416 0.0008165622
1519.5142142253 0.9994893297 0.0008165781
1519.5350482127 1.0011230148 0.0008165791
1519.5558821995 0.9975234635 0.0008165885
1519.5767161859 0.9995520088 0.0008165905
1519.5975501718 0.9996815196 0.0008166096
1519.6183841572 0.9995098465 0.0008166278
1519.6392181420 1.0007324003 0.0008166391
1519.6600521264 0.9993840937 0.0008166326
1519.6808861103 1.0007060444 0.0008166340
1519.7017200937 0.9991762693 0.0008166515
1519.7225540765 0.9996243277 0.0008166496
1519.7433880589 1.0005251297 0.0008166564
1519.7642220407 0.9999396338 0.0008166647
1519.7850560220 1.0000532665 0.0008166665
1519.8058900028 0.9998279433 0.0008166754
1519.8267239831 1.0001450583 0.0008166560
1519.8475579628 1.0017977539 0.0008166464
1519.8683919420 1.0003219473 0.0008166412
1519.8892259207 1.0003202903 0.0008166305
1519.9100598989 0.9999505103 0.0008166349
1519.9308938766 0.9997316316 0.0008166505
1519.9517278537 1.0009449494 0.0008166468
1519.9725618303 1.0005042006 0.0008166458
1519.9933958063 1.0004774011 0.0008166490
1520.0142297818 1.0000849374 0.0008166277
1520.0350637568 0.9997325740 0.0008166348
1520.0558977313 0.9995178175 0.0008166443
1520.0767317052 1.0005619006 0.0008166469
1520.0975656785 1.0014333827 0.0008166579
1520.1183996514 1.0007264816 0.0008166715
1520.1392336237 0.9991008730 0.0008166817
1520.1600675954 0.9999593124 0.0008166880
1520.1809015666 0.9987226044 0.0008166845
1520.2017355372 1.0005139590 0.0008166767
1520.2225695073 0.9998614724 0.0008166769
1520.2434034769 0.9995763976 0.0008166614
1520.2642374459 0.9990988219 0.0008166721
1520.2850714143 1.0014296418 0.0008166712
1520.3059053822 1.0000688547 0.0008166576
1520.3267393495 1.0006622854 0.0008166565
1520.3475733163 0.9991872768 0.0008166404
1520.3684072825 0.9998363096 0.0008166413
1520.3892412482 1.0002561282 0.0008166433
1520.4100752133 1.0007381070 0.0008166372
1520.4309091778 0.9993249696 0.0008166331
1520.4517431418 0.9994593719 0.0008166425
1520.4725771053 1.0004309779 0.0008166492
1520.4934110681 0.9997960745 0.0008166579
1520.5350789922 0.9992848489 0.0008166534
1520.5559129533 0.9976000165 0.0008166440
1520.5767469139 0.9992993050 0.0008166459
1520.5975808739 0.9994378141 0.0008166450
1520.6184148334 0.9999283898 0.0008166340
1520.6392487923 0.9997653714 0.0008166544
1520.6600827506 1.0007552147 0.0008166569
1520.6809167084 0.9995510081 0.0008166708
1520.7017506656 1.0003003032 0.0008166515
1520.7225846221 0.9991530664 0.0008166332
1520.7434185782 0.9985538389 0.0008166505
1520.7642525336 0.9992485693 0.0008166345
1520.7850864885 0.9997885255 0.0008166324
1520.8059204428 1.0010419575 0.0008166384
1520.8267543966 1.0007155063 0.0008166381
1520.8475883497 0.9998120004 0.0008166551
1520.8684223023 1.0010588708 0.0008166566
1520.8892562542 0.9999665707 0.0008166587
1520.9100902057 0.9996757500 0.0008166672
1520.9309241565 1.0002896335 0.0008166715
1520.9517581068 0.9997080822 0.0008166922
1520.9725920564 0.9999764301 0.0008166890
1520.9934260055 1.0014003792 0.0008166955
1521.0142599540 0.9982612052 0.0008166851
1521.0350939019 1.0000484079 0.0008166883
1521.0559278492 1.0004764780 0.0008166870
1521.0767617960 0.9995752158 0.0008166870
1521.0975957421 1.0001544732 0.0008167089
1521.1184296877 1.0021962644 0.0008167073
1521.1392636327 0.9993149816 0.0008166974
1521.1600975771 0.9999607379 0.0008166999
1521.1809315209 1.0002270572 0.0008166864
1521.2017654641 1.0003113865 0.0008167007
1521.2225994067 1.0008898593 0.0008166843
1521.2434333487 0.9999774740 0.0008166727
1521.2642672901 0.9999026386 0.0008166711
1521.2851012310 1.0016203841 0.0008166905
1521.3059351712 1.0011654224 0.0008166918
1521.3267691109 1.0004618931 0.0008167095
1521.3476030499 0.9994772152 0.0008167044
1521.3684369884 0.9994258705 0.0008167070
1521.3892709263 1.0018395195 0.0008167222
1521.4101048635 1.0000718864 0.0008167246
1521.4309388002 1.0004423101 0.0008167187
1521.4517727363 0.9985072682 0.0008167178
1521.4726066718 0.9992845401 0.0008167342
1521.4934406066 1.0002900036 0.0008167206
1521.5142745409 1.0006378279 0.0008167082
1521.5351084746 1.0008161012 0.0008166966
1521.5559424076 0.9992700054 0.0008166994
1521.5767763401 0.9998437427 0.0008166904
1521.5976102720 1.0002918001 0.0008166883
1521.6184442033 0.9991599734 0.0008166797
1521.6392781339 0.9990743923 0.0008166801
1521.6601120640 0.9998434400 0.0008166787
1521.6809459934 1.0008474311 0.0008166813
1521.7017799223 1.0015456241 0.0008166827
1521.7226138505 0.9996117849 0.0008166745
1521.7434477782 1.0009624349 0.0008166733
1521.7642817052 1.0001770317 0.0008166541
1521.7851156316 0.9989936144 0.0008166492
1521.8059495574 1.0001659813 0.0008166602
1521.8267834826 0.9992660225 0.0008166768
1521.8476174072 1.0002651437 0.0008166802
1521.8684513312 1.0002245492 0.0008166829
1521.8892852546 0.9991485863 0.0008166726
1521.9101191773 0.9993651878 0.0008166681
1521.9309530995 0.9990206857 0.0008166591
1521.9517870210 1.0009325099 0.0008166574
1521.9726209419 1.0000319987 0.0008166491
1521.9934548623 1.0007829603 0.0008166617
1522.0142887819 0.9993680013 0.0008166611
1522.0351227010 0.9996534747 0.0008166677
1522.0559566195 1.0006058846 0.0008166807
1522.0767905373 0.9991654012 0.0008166856
1522.0976244546 1.0014864653 0.0008166976
1522.1184583712 1.0000287229 0.0008167088
1522.1392922872 0.9997808512 0.0008166921
1522.1601262026 1.0004147398 0.0008167011
1522.1809601173 0.9991302223 0.0008167049
1522.2017940315 1.0016399207 0.0008167115
1522.2226279450 1.0005271733 0.0008167212
1522.2434618579 0.9993188050 0.0008167091
1522.2642957702 0.9979550650 0.0008166950
1522.2851296818 1.0000100477 0.0008166971
1522.3059635929 0.9993398476 0.0008167142
1522.3267975033 0.9999057016 0.0008167116
1522.3476314131 0.9997139852 0.0008166913
1522.3684653223 0.9989857766 0.0008166772
1522.3892992308 1.0005276197 0.0008166792
1522.4101331387 0.9999622102 0.0008166681
1522.4309670460 0.9993250588 0.0008166719
1522.4518009527 0.9991924198 0.0008166690
1522.4726348587 1.0007483191 0.0008166521
1522.4934687641 1.0010137130 0.0008166433
1522.5143026689 1.0002272190 0.0008166535
1522.5351365731 0.9993637517 0.0008166569
1522.5559704766 1.0000488931 0.0008166449
1522.5768043795 0.9995992990 0.0008166349
1522.5976382817 1.0006173542 0.0008166341
1522.6184721834 0.9996958405 0.0008166205
1522.6393060843 1.0009215912 0.0008166148
1522.6601399847 0.9992148539 0.0008166113
1522.6809738844 1.0001614210 0.0008166307
1522.7018077836 0.9999093193 0.0008166471
1522.7226416820 0.9982089486 0.0008166366
1522.7434755799 1.0009535865 0.0008166560
1522.7643094770 1.0001965303 0.0008166643
1522.7851433736 0.9999922012 0.0008166610
1522.8059772695 0.9993297866 0.0008166514
1522.8268111648 0.9995155921 0.0008166433
1522.8476450595 1.0006599392 0.0008166481
1522.8684789535 1.0017193176 0.0008166406
1522.8893128468 1.0000225426 0.0008166406
1522.9101467396 1.0009165194 0.0008166308
1522.9309806316 0.9997693219 0.0008166289
1522.9518145231 1.0006063092 0.0008166502
1522.9726484139 0.9999327410 0.0008166619
1522.9934823041 0.9994551790 0.0008166735
1523.0143161936 0.9993639974 0.0008166657
1523.0351500825 0.9993359277 0.0008166700
1523.0559839707 0.9989972406 0.0008166866
1523.0768178583 0.9987581729 0.0008166762
1523.0976517452 0.9997918637 0.0008166997
1523.1184856315 1.0006828141 0.0008167026
1523.1393195171 0.9989907816 0.0008166914
1523.1601534022 0.9999875425 0.0008167089
1523.1809872865 0.9999703406 0.0008167063
1523.2018211702 1.0001329687 0.0008167186
1523.2226550532 1.0014862101 0.0008167139
1523.2434889357 1.0009350912 0.0008167112
1523.2643228174 1.0007798552 0.0008166914
1523.2851566985 0.9997161527 0.0008166873
1523.3059905789 1.0021228861 0.0008166898
1523.3268244587 1.0015793857 0.0008166887
1523.3476583379 1.0005865838 0.0008166850
1523.3684922164 1.0007341511 0.0008166785
1523.3893260942 1.0009670161 0.0008166863
1523.4101599713 1.0000956902 0.0008166795
1523.4309938478 0.9992228275 0.0008166752
1523.4518277237 1.0006665551 0.0008166535
1523.4726615989 1.0011833679 0.0008166734
1523.4934954734 0.9997378507 0.0008166864
1523.5143293473 1.0005555270 0.0008166956
1523.5351632205 1.0003581602 0.0008166757
1523.5559970931 1.0006140705 0.0008166788
1523.5768309650 1.0003482872 0.0008166821
1523.5976648362 1.0004023453 0.0008166788
1523.6184987068 0.9997866115 0.0008166782
1523.6601664459 0.9987964484 0.0008166709
1523.6810003144 0.9997178909 0.0008166737
1523.7018341824 1.0004470690 0.0008166723
1523.7226680496 0.9991814473 0.0008166701
1523.7435019161 0.9995595542 0.0008166734
1523.7643357820 0.9978406682 0.0008166652
1523.7851696473 1.0013506407 0.0008166671
1523.8060035118 0.9999401798 0.0008166465
1523.8268373757 0.9998513399 0.0008166371
1523.8476712389 1.0008374604 0.0008166337
1523.8685051014 0.9991102546 0.0008166377
1523.8893389633 1.0001170196 0.0008166274
1523.9101728245 0.9980008427 0.0008166471
1523.9310066850 0.9989689650 0.0008166456
1523.9518405448 0.9989825668 0.0008166653
1523.9726744039 0.9998307244 0.0008166669
1524.0143421202 0.9992591686 0.0008166589
1524.0351759773 0.9992294530 0.0008166397
1524.0560098337 0.9999716942 0.0008166342
1524.0768436895 0.9988648389 0.0008166286
1524.0976775446 0.9996964860 0.0008166132
1524.1185113989 1.0005913111 0.0008166258
1524.1393452526 0.9986680752 0.0008166183
1524.1601791056 0.9993080917 0.0008166157
1524.1810129580 0.9998213385 0.0008166118
1524.2018468096 1.0015782458 0.0008166002
1524.2226806605 0.9994694924 0.0008166149
1524.2435145108 1.0008724069 0.0008166256
1524.2643483603 1.0002536498 0.0008166421
1524.2851822092 0.9989106578 0.0008166273
1524.3060160574 0.9999030808 0.0008166399
1524.3268499049 0.9999192118 0.0008166394
1524.3476837516 0.9996654931 0.0008166560
1524.3685175978 0.9999170922 0.0008166685
1524.3893514431 1.0005158901 0.0008166926
1524.4101852878 0.9997637754 0.0008166989
1524.4310191318 1.0015005176 0.0008166975
1524.4518529751 0.9992025229 0.0008167153
1524.4726868177 0.9999480576 0.0008167268
1524.4935206596 0.9996373914 0.0008167198
1524.5143545008 1.0014289301 0.0008167267
1524.5351883413 0.9999461649 0.0008167353
1524.5560221810 0.9994709681 0.0008167532
1524.5768560201 1.0013212582 0.0008167694
1524.5976898585 0.9999229583 0.0008167673
1524.6185236961 1.0007745172 0.0008167380
1524.6393575331 1.0001190632 0.0008167495
1524.6601913693 1.0001015759 0.0008167266
1524.6810252048 1.0000833184 0.0008167110
1524.7018590396 0.9995371041 0.0008167110
1524.7226928737 1.0006235287 0.0008167008
1524.7435267071 1.0018519004 0.0008166820
1524.7643605397 0.9998916669 0.0008166865
1524.7851943717 1.0012882952 0.0008167038
1524.8060282029 1.0002936524 0.0008167084
1524.8268620334 1.0012284904 0.0008167081
1524.8476958632 1.0005940833 0.0008167277
1524.8685296922 1.0009933777 0.0008167286
1524.8893635205 0.9994106156 0.0008167433
1524.9101973481 1.0000383247 0.0008167475
1524.9310311750 0.9986290688 0.0008167313
1524.9518650012 0.9998871860 0.0008167130
1524.9726988265 0.9991570162 0.0008167154
1524.9935326512 1.0001597451 0.0008167254
1525.0143664752 1.0008805623 0.0008167270
1525.0352002984 0.9998057358 0.0008167103
1525.0560341209 0.9996272497 0.0008167029
1525.0768679426 1.0010199121 0.0008167015
1525.0977017636 0.9997652507 0.0008166894
1525.1185355839 0.9998454362 0.0008167076
1525.1393694034 1.0001720707 0.0008166860
1525.1602032222 1.0002673470 0.0008166805
1525.1810370402 1.0008310506 0.0008166779
1525.2018708575 0.9999647820 0.0008166781
1525.2227046740 1.0000078584 0.0008166695
1525.2435384898 0.9997192453 0.0008166727
1525.2643723048 1.0005698570 0.0008166757
1525.2852061192 0.9996702631 0.0008166563
1525.3060399327 1.0009749474 0.0008166619
1525.3268737455 0.9994186144 0.0008166523
1525.3477075575 0.9997739432 0.0008166441
1525.3685413688 0.9988620629 0.0008166492
1525.3893751792 0.9992715833 0.0008166476
1525.4102089890 0.9993265349 0.0008166351
1525.4310427980 0.9994920659 0.0008166549
1525.4518766062 1.0002541084 0.0008166346
1525.4727104136 1.0001118597 0.0008166275
1525.4935442203 1.0000299073 0.0008166108
1525.5143780262 0.9999108506 0.0008166319
1525.5352118314 0.9992702147 0.0008166400
1525.5560456357 0.9992372142 0.0008166331
1525.5768794393 1.0006834102 0.0008166500
1525.5977132421 1.0011616114 0.0008166442
1525.6185470442 0.9986936022 0.0008166586
1525.6393808454 1.0011711015 0.0008166555
1525.6602146459 1.0007766666 0.0008166457
1525.6810484456 1.0004237228 0.0008166533
1525.7018822445 0.9999717070 0.0008166349
1525.7227160426 1.0011472974 0.0008166361
1525.7435498399 0.9995983110 0.0008166527
1525.7643836364 0.9992628337 0.0008166455
1525.7852174322 0.9996288328 0.0008166562
1525.8060512271 0.9999035558 0.0008166690
1525.8268850212 0.9993122734 0.0008166902
1525.8477188145 0.9990469578 0.0008167057
1525.8685526071 0.9992321041 0.0008167200
1525.8893863988 0.9990102272 0.0008167022
1525.9102201897 1.0002043335 0.0008166915
1525.9310539798 1.0004855359 0.0008166850
1525.9518877692 0.9996577088 0.0008166747
1525.9727215576 0.9985555636 0.0008166755
1525.9935553453 0.9990564497 0.0008166769
1526.0143891321 1.0005224347 0.0008166757
1526.0352229182 1.0005925865 0.0008166756
1526.0560567034 0.9991956357 0.0008166809
1526.0768904878 1.0005774177 0.0008166898
1526.0977242713 0.9992978260 0.0008166820
1526.1185580541 1.0007636045 0.0008166803
1526.1393918360 1.0000793604 0.0008166884
1526.1602256170 1.0002263516 0.0008166880
1526.1810593972 1.0007314309 0.0008167064
1526.2018931766 1.0002561631 0.0008166972
1526.2227269551 1.0005595527 0.0008167082
1526.2435607329 1.0001023780 0.0008167137
1526.2643945097 1.0014809742 0.0008167096
1526.2852282857 0.9995320307 0.0008167127
1526.3060620608 1.0010422001 0.0008167240
1526.3268958351 1.0002886692 0.0008167058
1526.3477296085 0.9995240640 0.0008166911
1526.3685633811 1.0005929960 0.0008166823
1526.3893971527 1.0006724481 0.0008166633
1526.4102309236 0.9984467264 0.0008166439
1526.4310646935 1.0013065958 0.0008166341
1526.4518984626 1.0003715739 0.0008166437
1526.4727322308 1.0011432596 0.0008166357
1526.4935659981 0.9989779064 0.0008166421
1526.5143997645 0.9989061465 0.0008166459
1526.5352335301 0.9999057289 0.0008166313
1526.5560672947 0.9994797154 0.0008166097
1526.5769010585 1.0001447562 0.0008166242
1526.5977348213 0.9995178413 0.0008166415
1526.6185685833 1.0002022735 0.0008166396
1526.6394023444 1.0015781463 0.0008166596
1526.6602361046 0.9995020866 0.0008166652
1526.6810698638 1.0012415242 0.0008166764
1526.7019036221 1.0004941765 0.0008166799
1526.7227373795 0.9993687680 0.0008167040
1526.7435711360 1.0004338495 0.0008167067
1526.7852386462 0.9991769294 0.0008166936
1526.8060723999 0.9989540032 0.0008167029
1526.8269061527 0.9982674499 0.0008166967
1526.8477399045 0.9996506130 0.0008166747
1526.8685736554 1.0010033548 0.0008166693
1526.8894074053 1.0008582788 0.0008166500
1526.9102411543 0.9996370970 0.0008166414
1526.9310749023 1.0006023594 0.0008166442
1526.9519086494 0.9989596509 0.0008166451
1526.9727423955 0.9999185423 0.0008166231
1526.9935761406 1.0012755303 0.0008166230
1527.0144098847 0.9997311790 0.0008166365
1527.0352436279 0.9986203364 0.0008166317
1527.0560773701 1.0000480866 0.0008166220
1527.0769111113 1.0002766610 0.0008166250
1527.0977448515 0.9998591990 0.0008166206
1527.1185785907 0.9994977829 0.0008166416
1527.1394123289 1.0002432485 0.0008166293
1527.1602460661 0.9991363556 0.0008166390
1527.1810798022 1.0007732010 0.0008166537
1527.2019135374 0.9988504864 0.0008166570
1527.2227472715 0.9991886187 0.0008166738
1527.2435810047 1.0016484077 0.0008166825
1527.2644147367 0.9994525314 0.0008166914
1527.2852484677 0.9999257289 0.0008166770
1527.3060821977 1.0013132099 0.0008166839
1527.3269159266 1.0011852821 0.0008166936
1527.3477496545 0.9998867762 0.0008166883
1527.3685833813 1.0010669405 0.0008166976
1527.3894171070 1.0012100276 0.0008167066
1527.4102508317 1.0002838914 0.0008166933
1527.4310845552 0.9996306528 0.0008167150
1527.4519182778 1.0009057155 0.0008167087
1527.4727519991 0.9996929844 0.0008167279
1527.4935857194 0.9996989167 0.0008167184
1527.5144194386 1.0005423286 0.0008166956
1527.5352531566 1.0016435169 0.0008167051
1527.5560868735 0.9996629916 0.0008166869
1527.5769205894 0.9997381851 0.0008166996
1527.5977543040 0.9992328203 0.0008167013
1527.6185880176 0.9993840694 0.0008167036
1527.6394217299 1.0004324601 0.0008167228
1527.6602554411 0.9993903977 0.0008167095
1527.6810891511 0.9999205075 0.0008167280
1527.7019228600 0.9987482778 0.0008167442
1527.7227565676 0.9994835112 0.0008167390
1527.7435902742 1.0001478598 0.0008167465
1527.7644239794 1.0000071344 0.0008167536
1527.7852576835 0.9983157363 0.0008167362
1527.8060913863 0.9998859923 0.0008167170
1527.8269250879 1.0009637041 0.0008167145
1527.8477587883 0.9997584004 0.0008167082
1527.8685924874 1.0006626456 0.0008167091
1527.8894261853 1.0009942349 0.0008167271
1527.9102598819 1.0003082749 0.0008167118
1527.9310935772 0.9996316302 0.0008167151
1527.9519272713 1.0009691167 0.0008167153
1527.9727609640 0.9991164757 0.0008167138
1527.9935946554 0.9995925318 0.0008167255
1528.0144283455 1.0012778358 0.0008167218
1528.0352620343 1.0000938017 0.0008167124
1528.0560957217 1.0003721661 0.0008167130
1528.0769294078 0.9997456370 0.0008167171
1528.0977630925 0.9990793748 0.0008167165
1528.1185967759 1.0011550961 0.0008167100
1528.1394304578 0.9996274723 0.0008167139
1528.1602641384 0.9996524806 0.0008167042
1528.1810978175 1.0000553809 0.0008167162
1528.2019314952 0.9995239417 0.0008167032
1528.2227651714 0.9994980830 0.0008166935
1528.2435988462 1.0004659128 0.0008167041
1528.2644325195 1.0004437992 0.0008166940
1528.2852661914 1.0004288405 0.0008166919
1528.3060998617 0.9996147615 0.0008167056
1528.3269335306 0.9999817962 0.0008167207
1528.3477671978 1.0000819261 0.0008167178
1528.3686008636 1.0022726729 0.0008167330
1528.3894345277 1.0003192439 0.0008167451
1528.4102681904 0.9992530171 0.0008167500
1528.4311018513 1.0010923771 0.0008167405
1528.4519355108 0.9995181943 0.0008167580
1528.4727691685 1.0000594320 0.0008167489
1528.4936028247 1.0009954968 0.0008167475
1528.5144364791 0.9991420641 0.0008167548
1528.5352701319 1.0008778584 0.0008167693
1528.5561037829 0.9992746316 0.0008167613
1528.5769374323 0.9993833369 0.0008167604
1528.5977710798 1.0001821992 0.0008167480
1528.6186047257 0.9993154530 0.0008167380
1528.6394383697 1.0004849864 0.0008167463
1528.6602720120 0.9995990688 0.0008167359
1528.6811056523 0.9988682352 0.0008167383
1528.7019392909 1.0000549345 0.0008167209
1528.7227729276 0.9997908938 0.0008167075
1528.7436065624 0.9992586779 0.0008167109
1528.7644401953 nan nan
1528.7852738263 nan nan
1528.8061074552 nan nan
1528.8269410822 nan nan
1528.8477747072 nan nan
1528.8686083302 nan nan
1528.8894419510 nan nan
1528.9102755699 nan nan
1528.9311091865 nan nan
1528.9519428012 nan nan
1528.9727764135 nan nan
1528.9936100238 nan nan
1529.0144436318 nan nan
1529.0352772377 nan nan
1529.0561108412 nan nan
1536.8270629406 nan nan
1536.8478965148 nan nan
1536.8687300884 nan nan
1536.8895636612 nan nan
1536.9103972333 nan nan
1536.9312308047 nan nan
1536.9520643754 nan nan
1536.9728979454 nan nan
1536.9937315147 nan nan
1537.0145650832 nan nan
1537.0353986511 nan nan
1537.0562322183 nan nan
1537.0770657847 nan nan
1537.0978993505 nan nan
1537.1187329155 nan nan
1537.1395664798 0.9989171390 0.0008166591
1537.1604000434 1.0005466221 0.0008166553
1537.1812336063 0.9995052467 0.0008166635
1537.2020671684 1.0015132336 0.0008166670
1537.2229007299 0.9992402406 0.0008166722
1537.2437342906 1.0007266919 0.0008166868
1537.2645678506 1.0001520195 0.0008166903
1537.2854014099 1.0003410944 0.0008166991
1537.3062349684 0.9996629256 0.0008166969
1537.3270685263 1.0001990677 0.0008167001
1537.3479020834 0.9984304764 0.0008167102
1537.3687356398 0.9985619747 0.0008167066
1537.3895691955 1.0003234823 0.0008167192
1537.4104027504 0.9992207831 0.0008167216
1537.4312363046 0.9993883063 0.0008167322
1537.4520698581 0.9995442844 0.0008167399
1537.4729034108 0.9997451020 0.0008167354
1537.4937369629 0.9994121715 0.0008167245
1537.5145705142 1.0003889265 0.0008167196
1537.5354040647 1.0001407233 0.0008167199
1537.5562376145 0.9994636642 0.0008167249
1537.5770711636 0.9993260676 0.0008167143
1537.5979047120 1.0011791882 0.0008167224
1537.6187382596 1.0001828884 0.0008167328
1537.6395718064 0.9997714641 0.0008167390
1537.6604053526 1.0003258140 0.0008167275
1537.6812388979 1.0006781673 0.0008167153
1537.7020724426 1.0007994320 0.0008167053
1537.7229059865 1.0005967069 0.0008167141
1537.7437395297 1.0004380081 0.0008167130
1537.7645730721 0.9998760534 0.0008167053
1537.7854066137 1.0002779369 0.0008167064
1537.8062401546 1.0009925588 0.0008167107
1537.8270736948 1.0003622060 0.0008167106
1537.8479072342 1.0002628760 0.0008167135
1537.8687407729 1.0000172571 0.0008167037
1537.8895743108 1.0000829621 0.0008166892
1537.9104078479 0.9996844615 0.0008167081
1537.9312413843 1.0014472274 0.0008167064
1537.9520749200 0.9999268641 0.0008167009
1537.9729084548 1.0001423876 0.0008167062
1537.9937419890 0.9990391923 0.0008167001
1538.0145755223 0.9989990457 0.0008167089
1538.0354090549 0.9999718563 0.0008167097
1538.0562425867 1.0002805388 0.0008167179
1538.0770761178 1.0000315297 0.0008167312
1538.0979096480 0.9986059834 0.0008167132
1538.1187431776 1.0010070927 0.0008167240
1538.1395767063 1.0002150867 0.0008167154
1538.1604102343 0.9997096767 0.0008167279
1538.1812437615 0.9998912723 0.0008167127
1538.2020772879 0.9998158560 0.0008167171
1538.2229108136 0.9988744230 0.0008167081
1538.2437443385 0.9998375388 0.0008167190
1538.2645778625 0.9995866421 0.0008167221
1538.2854113859 1.0001008922 0.0008167268
1538.3062449084 0.9997777856 0.0008167190
1538.3270784302 0.9987874992 0.0008167225
1538.3479119511 1.0000765044 0.0008167191
1538.3687454713 0.9992600045 0.0008167185
1538.3895789906 1.0018354287 0.0008167188
1538.4104125092 0.9994769375 0.0008167136
1538.4312460270 0.9995789202 0.0008167079
1538.4520795440 1.0001748523 0.0008166954
1538.4729130602 1.0013144650 0.0008166871
1538.4937465757 1.0002367455 0.0008166764
1538.5145800902 0.9999384033 0.0008166831
1538.5354136041 0.9996748320 0.0008166866
1538.5562471171 1.0006411191 0.0008166736
1538.5770806293 0.9994612234 0.0008166612
1538.5979141406 0.9986779475 0.0008166730
1538.6187476512 0.9995787612 0.0008166755
1538.6395811610 1.0010335417 0.0008166667
1538.6604146700 1.0013495876 0.0008166741
1538.6812481781 1.0006709109 0.0008166908
1538.7020816854 0.9993734674 0.0008167057
1538.7229151919 1.0000876942 0.0008167218
1538.7437486976 1.0017649640 0.0008167209
1538.7645822024 1.0000108276 0.0008167042
1538.7854157065 0.9997460688 0.0008167103
1538.8062492097 0.9990663858 0.0008167360
1538.8270827121 1.0016413922 0.0008167414
1538.8479162136 1.0004757509 0.0008167574
1538.8687497143 1.0014229010 0.0008167684
1538.8895832142 0.9992381406 0.0008167802
1538.9104167133 1.0010486531 0.0008167522
1538.9312502114 1.0004648936 0.0008167715
1538.9520837088 0.9999251058 0.0008167762
1538.9729172053 1.0001976036 0.0008167742
1538.9937507010 0.9997695415 0.0008167589
1539.0354176897 1.0002266253 0.0008167549
1539.0562511828 1.0000781602 0.0008167441
1539.0770846751 1.0009115037 0.0008167565
1539.0979181665 0.9999822763 0.0008167562
1539.1395851467 0.9999862815 0.0008167774
1539.1604186355 1.0007510558 0.0008167734
1539.2229190966 1.0010794614 0.0008167501
1539.2437525819 0.9995459723 0.0008167370
1539.2645860663 1.0013320448 0.0008167180
1539.2854195499 1.0006751456 0.0008167179
1539.3062530325 0.9998154293 0.0008167125
1539.3270865143 0.9978161076 0.0008166932
1539.3479199951 0.9963898592 0.0008166842
1539.3687534751 0.9968369241 0.0008166482
1539.3895869541 0.9950433854 0.0008166458
1539.4104204323 0.9964993727 0.0008166241
1539.4312539096 0.9936467993 0.0008166071
1539.4520873860 0.9955385149 0.0008166152
1539.4729208614 0.9967834581 0.0008166452
1539.4937543359 0.9953939590 0.0008166667
1539.5145878095 0.9960074133 0.0008166655
1539.5354212822 0.9966914864 0.0008166703
1539.5562547540 0.9961521330 0.0008166673
1539.5770882248 0.9969544414 0.0008166469
1539.5979216947 0.9987126288 0.0008166153
1539.6187551637 0.9992758997 0.0008165952
1539.6395886317 1.0010887018 0.0008165983
1539.6604220989 0.9991833302 0.0008166027
1539.7020890302 0.9993540255 0.0008166131
1539.7229224944 1.0003896479 0.0008166297
1539.7437559577 1.0011500620 0.0008166570
1539.7645894200 1.0000185240 0.0008166718
1539.7854228814 0.9989550701 0.0008166478
1539.8062563418 0.9983381207 0.0008166332
1539.8270898012 0.9985703756 0.0008166382
1539.8479232597 0.9994757530 0.0008166588
1539.8687567171 0.9996442710 0.0008166795
1539.8895901736 1.0005367186 0.0008166530
1539.9104236291 0.9982620266 0.0008166750
1539.9312570836 0.9997384636 0.0008166776
1539.9520905371 1.0002023209 0.0008166884
1539.9729239895 0.9979570379 0.0008166816
1539.9937574410 0.9997338206 0.0008166666
1540.0145908915 0.9998739890 0.0008166642
1540.0354243410 1.0006438591 0.0008166643
1540.0562577893 0.9988070259 0.0008166624
1540.0770912368 0.9992389634 0.0008166790
1540.0979246831 0.9986110443 0.0008166599
1540.1187581285 1.0013725833 0.0008166599
1540.1395915727 0.9999297595 0.0008166638
1540.1604250160 1.0005197595 0.0008166700
1540.1812584581 0.9998509931 0.0008166598
1540.2020918993 0.9990903116 0.0008166766
1540.2229253393 1.0002221168 0.0008166737
1540.2437587783 1.0018925252 0.0008166656
1540.2645922162 1.0000100499 0.0008166498
1540.2854256530 0.9999126312 0.0008166512
1540.3062590887 1.0000858343 0.0008166507
1540.3270925234 1.0003442160 0.0008166386
1540.3479259569 1.0010276305 0.0008166439
1540.3687593894 1.0006984931 0.0008166387
1540.3895928206 1.0003729055 0.0008166498
1540.4104262509 1.0002333073 0.0008166498
1540.4312596799 0.9998088433 0.0008166525
1540.4520931078 0.9993667452 0.0008166393
1540.4729265346 0.9990838652 0.0008166484
1540.5145933847 0.9994248328 0.0008166703
1540.5354268081 1.0008871444 0.0008166771
1540.5562602302 1.0004037555 0.0008166664
1540.5770936512 1.0017582697 0.0008166731
1540.5979270710 1.0004946972 0.0008166731
1540.6187604896 1.0018238104 0.0008166857
1540.6395939069 1.0007467074 0.0008166808
1540.6604273232 0.9992607108 0.0008166810
1540.6812607381 1.0002024821 0.0008166735
1540.7020941518 0.9990751136 0.0008166735
1540.7229275643 0.9994297840 0.0008166793
1540.7437609756 0.9990841236 0.0008166802
1540.7645943856 1.0012046284 0.0008166858
1540.7854277943 0.9999202342 0.0008166833
1540.8062612017 1.0005413499 0.0008166732
1540.8270946080 0.9994186919 0.0008166624
1540.8479280128 0.9997927093 0.0008166545
1540.8687614164 1.0005103222 0.0008166479
1540.8895948187 0.9996969591 0.0008166566
1540.9104282196 1.0001866693 0.0008166505
1540.9312616192 0.9991016142 0.0008166443
1540.9520950175 1.0003803668 0.0008166466
1540.9729284144 1.0003320600 0.0008166444
1540.9937618100 1.0000202313 0.0008166395
1541.0145952041 1.0000759534 0.0008166369
1541.0354285969 1.0000040382 0.0008166470
1541.0562619882 0.9998986861 0.0008166356
1541.0770953782 1.0008730238 0.0008166233
1541.1187621538 0.9996177005 0.0008166277
1541.1395955393 1.0002292081 0.0008166236
1541.1604289235 1.0017447097 0.0008166333
1541.1812623062 0.9988097457 0.0008166259
1541.2020956874 1.0000593305 0.0008166183
1541.2229290670 1.0003011116 0.0008166155
1541.2437624451 1.0011859282 0.0008166232
1541.2645958217 0.9999076248 0.0008166206
1541.2854291968 0.9999727392 0.0008166200
1541.3062625702 1.0007193537 0.0008166191
1541.3270959421 0.9996734628 0.0008166259
1541.3479293123 1.0002913164 0.0008166413
1541.3687626810 0.9993234625 0.0008166556
1541.4104294133 0.9998911220 0.0008166660
1541.4312627769 1.0011753811 0.0008166619
1541.4520961389 0.9994371647 0.0008166502
1541.4729294992 0.9994337106 0.0008166345
1541.4937628577 nan nan
1541.5145962145 nan nan
1541.5354295695 nan nan
1541.5562629227 nan nan
1541.5979296236 nan nan
1541.6187629714 nan nan
1541.6395963172 nan nan
1541.6604296612 nan nan
1541.7020963433 nan nan
1541.7229296813 nan nan
1541.7437630175 nan nan
1541.7645963516 nan nan
1541.7854296837 nan nan
