time flux flux_err
2256.3265729599 nan nan
2256.3335175755 nan nan
2256.3404621910 nan nan
2256.3474068063 nan nan
2256.3543514216 nan nan
2256.3612960370 nan nan
2256.3682406523 nan nan
2256.3751852676 nan nan
2256.3890744979 nan nan
2256.3960191129 nan nan
2256.4099083430 nan nan
2256.4168529581 nan nan
2256.4307421877 nan nan
2256.4376868025 nan nan
2256.4446314173 nan nan
2256.4515760320 nan nan
2256.4585206468 nan nan
2256.4654652614 nan nan
2256.4724098759 nan nan
2256.4932437193 nan nan
2256.5001883338 nan nan
2256.5071329481 nan nan
2256.5140775622 nan nan
2256.5279667906 nan nan
2256.5349114047 nan nan
2256.5418560189 nan nan
2256.5557452467 nan nan
2256.5626898606 nan nan
2256.5696344744 nan nan
2256.5765790883 nan nan
2256.5835237021 nan nan
2256.5904683158 nan nan
2256.5974129293 nan nan
2256.6043575429 nan nan
2256.6113021564 nan nan
2256.6251913834 nan nan
2256.6321359968 1.0026840235 0.0016010570
2256.6460252232 1.0006079273 0.0016010156
2256.6599144496 0.9966733115 0.0016010258
2256.6668590628 1.0008952325 0.0016010229
2256.6738036758 1.0014664286 0.0016010154
2256.6876929015 0.9978681506 0.0016010567
2256.6946375144 1.0014035029 0.0016010330
2256.7015821272 1.0016540641 0.0016010567
2256.7085267401 0.9981662687 0.0016010567
2256.7154713528 0.9999731758 0.0016010472
2256.7224159653 0.9966284058 0.0016010430
2256.7293605778 1.0005269409 0.0016010215
2256.7363051903 1.0003981219 0.0016010482
2256.7432498028 1.0002132088 0.0016010529
2256.7571390277 1.0002973258 0.0016010446
2256.7640836398 0.9982970531 0.0016010545
2256.7710282520 0.9986447966 0.0016010321
2256.7779728642 1.0006543535 0.0016010416
2256.7849174763 0.9978141386 0.0016010473
2256.7918620885 1.0009028661 0.0016010387
2256.8057513123 0.9989070840 0.0016010550
2256.8126959241 1.0002691062 0.0016010507
2256.8335297595 0.9992119883 0.0016010243
2256.8404743712 1.0011444580 0.0016010088
2256.8474189826 1.0003012678 0.0016009890
2256.8543635941 1.0008581720 0.0016009743
2256.8613082055 0.9977720624 0.0016009772
2256.8682528170 1.0002015266 0.0016009772
2256.8751974284 0.9986106757 0.0016009571
2256.8821420397 1.0002778004 0.0016009656
2256.8890866508 1.0007087975 0.0016009708
2256.8960312619 1.0001105902 0.0016009646
2256.9029758730 1.0016131320 0.0016009602
2256.9099204840 0.9990163146 0.0016009765
2256.9168650951 1.0027941282 0.0016009765
2256.9238097060 1.0029889563 0.0016009595
2256.9376989275 0.9986768463 0.0016009560
2256.9446435382 1.0028172673 0.0016009322
2256.9515881489 1.0001672862 0.0016009085
2256.9585327596 0.9964912797 0.0016008903
2256.9654773702 1.0012747883 0.0016009033
2256.9793665909 1.0027945445 0.0016008887
2256.9932558116 1.0014632688 0.0016008714
2257.0002004219 0.9999922481 0.0016008714
2257.0071450321 0.9993049150 0.0016008486
2257.0140896421 1.0008471495 0.0016008461
2257.0210342520 0.9983762696 0.0016008461
2257.0349234720 1.0030433909 0.0016008449
2257.0418680820 0.9983945809 0.0016008553
2257.0488126918 1.0020656393 0.0016008565
2257.0557573014 0.9982104223 0.0016008609
2257.0627019110 1.0017390025 0.0016008675
2257.0835357398 1.0002345412 0.0016008539
2257.0904803492 1.0005338933 0.0016008539
2257.0974249584 1.0011308050 0.0016008695
2257.1043695676 0.9999646742 0.0016008888
2257.1113141768 0.9984674467 0.0016008843
2257.1182587861 0.9998236448 0.0016008645
2257.1321480043 0.9978189271 0.0016008506
2257.1390926131 0.9999756499 0.0016008494
2257.1460372220 0.9981664220 0.0016008691
2257.1529818308 1.0012477926 0.0016008691
2257.1599264397 0.9965718366 0.0016008482
2257.1668710485 1.0013987685 0.0016008512
2257.1738156571 1.0022716626 0.0016008315
2257.1877048740 1.0015568412 0.0016008111
2257.1946494825 1.0008926005 0.0016008140
2257.2015940909 0.9986787260 0.0016008140
2257.2085386994 1.0025012638 0.0016008219
2257.2154833076 1.0019124954 0.0016008126
2257.2224279157 1.0008909594 0.0016008244
2257.2293725238 1.0021865585 0.0016008196
2257.2363171318 1.0005875840 0.0016008196
2257.2502063480 1.0000167765 0.0016007990
2257.2571509558 0.9985471830 0.0016008126
2257.2640955635 1.0004735156 0.0016008126
2257.2849293865 1.0027488107 0.0016007997
2257.2918739942 1.0000577177 0.0016007988
2257.2988186017 0.9974474015 0.0016007914
2257.3057632090 1.0028657284 0.0016007744
2257.3127078163 1.0017108268 0.0016007744
2257.3196524236 1.0035797513 0.0016007565
2257.3265970308 1.0017811002 0.0016007437
2257.3335416381 1.0026316981 0.0016007301
2257.3404862452 0.9974574992 0.0016007314
2257.3474308521 0.9982884615 0.0016007310
2257.3543754590 0.9964895233 0.0016007133
2257.3613200659 0.9991401656 0.0016007285
2257.3682646728 0.9993490382 0.0016007299
2257.3821538864 0.9988201528 0.0016007373
2257.3890984929 0.9979945633 0.0016007266
2257.3960430994 1.0024872189 0.0016007170
2257.4029877059 0.9979910989 0.0016007056
2257.4099323124 0.9989155857 0.0016006852
2257.4168769189 0.9983418508 0.0016006678
2257.4238215251 0.9982154944 0.0016006540
2257.4307661312 0.9996006277 0.0016006589
2257.4377107373 0.9994476343 0.0016006380
2257.4446553434 0.9986319727 0.0016006196
2257.4515999495 0.9968037833 0.0016005892
2257.4585445557 1.0017251753 0.0016005590
2257.4654891615 0.9987070181 0.0016005445
2257.4724337672 1.0015007635 0.0016005464
2257.4793783730 1.0032528976 0.0016005464
2257.4863229787 1.0036639483 0.0016005361
2257.5002121901 0.9997158000 0.0016004991
2257.5071567956 1.0017646899 0.0016004652
2257.5210460062 0.9989701865 0.0016004797
2257.5279906115 1.0016489419 0.0016004870
2257.5418798221 1.0004793561 0.0016004997
2257.5488244272 0.9975772785 0.0016004997
2257.5557690321 0.9993774568 0.0016004871
2257.5627136370 1.0004715253 0.0016004832
2257.5766028468 0.9998171312 0.0016004657
2257.5835474517 1.0025028651 0.0016004731
2257.5904920564 0.9982914363 0.0016004732
2257.5974366609 1.0000325400 0.0016004610
2257.6043812654 1.0015061584 0.0016004577
2257.6113258699 0.9977206779 0.0016004424
2257.6252150789 1.0027253661 0.0016004480
2257.6321596832 1.0011295745 0.0016004661
2257.6391042873 1.0011553241 0.0016004661
2257.6460488914 0.9989933063 0.0016004861
2257.6599380996 0.9998412714 0.0016004691
2257.6668827037 1.0001583133 0.0016004694
2257.6738273076 0.9988544010 0.0016004681
2257.6807719113 0.9966681112 0.0016004659
2257.6877165150 1.0014661015 0.0016004361
2257.6946611187 0.9977542481 0.0016004289
2257.7085503261 1.0002823684 0.0016004405
2257.7154949296 0.9999137014 0.0016004442
2257.7224395329 1.0042095227 0.0016004091
2257.7293841362 0.9972289366 0.0016003960
2257.7363287395 0.9992748671 0.0016003828
2257.7432733428 0.9985338420 0.0016003625
2257.7502179461 1.0013747772 0.0016003647
2257.7571625491 0.9988712460 0.0016003810
2257.7641071520 1.0014234649 0.0016003636
2257.7710517549 0.9988680203 0.0016003386
2257.7779963578 0.9992063342 0.0016003406
2257.7849409607 1.0002033939 0.0016003283
2257.7988301663 0.9982702206 0.0016003474
2257.8057747687 0.9999028253 0.0016003511
2257.8127193712 0.9988333083 0.0016003493
2257.8196639737 1.0007034696 0.0016003625
2257.8266085762 1.0015157374 0.0016003804
2257.8335531787 1.0008492459 0.0016003655
2257.8404977809 1.0012566051 0.0016003665
2257.8474423830 1.0008176143 0.0016003813
2257.8543869851 0.9994135346 0.0016003730
2257.8682761893 1.0013735701 0.0016003641
2257.8752207913 0.9989530392 0.0016003366
2257.8821653932 0.9991956841 0.0016003153
2257.8891099949 1.0000796132 0.0016003189
2257.8960545965 0.9999261708 0.0016002969
2257.9029991982 0.9981913275 0.0016003090
2257.9168884015 1.0010724526 0.0016003204
2257.9238330030 1.0016460967 0.0016003603
2257.9307776042 0.9980688937 0.0016003582
2257.9377222055 1.0029330674 0.0016003419
2257.9446668068 1.0031142036 0.0016003472
2257.9516114080 1.0012847361 0.0016003299
2257.9585560093 0.9985415820 0.0016003184
2257.9655006103 1.0009436226 0.0016003269
2257.9793898120 1.0011852534 0.0016003350
2258.0002236146 1.0022289795 0.0016003557
2258.0071682152 0.9998885339 0.0016003272
2258.0210574161 1.0004643783 0.0016003295
2258.0280020165 0.9990342338 0.0016003458
2258.0349466170 0.9987598947 0.0016003672
2258.0418912174 0.9995822339 0.0016003375
2258.0488358177 0.9993111596 0.0016003538
2258.0557804177 0.9990890185 0.0016003187
2258.0627250177 1.0004217191 0.0016003130
2258.0696696178 1.0000887807 0.0016002923
2258.0905034176 0.9981643048 0.0016003301
2258.0974480173 0.9976362689 0.0016003378
2258.1043926169 1.0000752199 0.0016003353
2258.1113372165 1.0035471850 0.0016003377
2258.1182818161 1.0024787998 0.0016003378
2258.1252264157 0.9989733030 0.0016003254
2258.1321710151 0.9998364863 0.0016003235
2258.1391156144 0.9972598797 0.0016003063
2258.1530048128 1.0023439452 0.0016003037
2258.1599494120 0.9993470311 0.0016002672
2258.1668940112 1.0032798329 0.0016002868
2258.1738386102 1.0017587248 0.0016003043
2258.1807832090 0.9998547461 0.0016003070
2258.1877278078 0.9994332406 0.0016003356
2258.2016170054 0.9990020040 0.0016003387
2258.2085616042 1.0006057476 0.0016003373
2258.2155062028 0.9986141646 0.0016003505
2258.2224508012 1.0001413115 0.0016003697
2258.2363399979 1.0025052705 0.0016003939
2258.2502291947 0.9983953816 0.0016003996
2258.2641183908 0.9989751212 0.0016003729
2258.2710629888 1.0006677997 0.0016003544
2258.2780075868 1.0008479152 0.0016003544
2258.2849521848 0.9998611776 0.0016003642
2258.2918967827 1.0004591956 0.0016003668
2258.2988413805 1.0016344844 0.0016003391
2258.3127305756 1.0018058896 0.0016003751
2258.3196751732 0.9998449859 0.0016003827
2258.3266197707 1.0024564951 0.0016004065
2258.3335643683 0.9970935941 0.0016004279
2258.3405089657 0.9975684963 0.0016003893
2258.3474535628 1.0041402798 0.0016003732
2258.3543981600 0.9979464881 0.0016003568
2258.3613427571 0.9996614594 0.0016003421
2258.3682873542 0.9999037462 0.0016003513
2258.3821765483 0.9998323299 0.0016003120
2258.3891211451 0.9989787608 0.0016002749
2258.3960657418 1.0009933602 0.0016002936
2258.4030103385 0.9998685680 0.0016002730
2258.4099549353 1.0013826542 0.0016002713
2258.4168995320 1.0011938004 0.0016002696
2258.4307887248 1.0000409395 0.0016002331
2258.4377333212 1.0010158700 0.0016002345
2258.4446779175 1.0011178281 0.0016002259
2258.4516225138 1.0015611139 0.0016002207
2258.4585671101 1.0011379983 0.0016002381
2258.4655117062 0.9974525984 0.0016002046
2258.4794008980 1.0008220833 0.0016001999
2258.4863454939 1.0014628930 0.0016002348
2258.4932900899 0.9988804399 0.0016002352
2258.5002346858 1.0024029946 0.0016002190
2258.5071792814 1.0008158084 0.0016002451
2258.5141238769 0.9985217914 0.0016002541
2258.5210684724 0.9975948730 0.0016002265
2258.5280130679 0.9985459755 0.0016002218
2258.5349576634 1.0000792115 0.0016002299
2258.5488468542 1.0004566621 0.0016002011
2258.5557914493 1.0002424794 0.0016001917
2258.5627360443 0.9987767926 0.0016002113
2258.5696806394 1.0004091615 0.0016002132
2258.5766252345 1.0000469316 0.0016001920
2258.5835698296 0.9969347213 0.0016002183
2258.5974590191 0.9984152770 0.0016001884
2258.6113482084 0.9964451270 0.0016001815
2258.6182928031 1.0001481333 0.0016001920
2258.6391265864 0.9978307540 0.0016002425
2258.6460711807 0.9964959992 0.0016002365
2258.6530157749 1.0033633605 0.0016002372
2258.6599603692 1.0003710315 0.0016002304
2258.6669049634 1.0011065262 0.0016002122
2258.6738495574 1.0000401737 0.0016001835
2258.6807941513 1.0010018475 0.0016001675
2258.6877387451 1.0019646948 0.0016001876
2258.6946833389 0.9984768359 0.0016001761
2258.7016279328 0.9993971989 0.0016001615
2258.7085725266 0.9990417383 0.0016001642
2258.7155171202 1.0030006909 0.0016001619
2258.7224617136 1.0014580550 0.0016001543
2258.7294063070 1.0011978980 0.0016001519
2258.7363509004 1.0021682623 0.0016001402
2258.7432954939 0.9996384566 0.0016001064
2258.7502400873 0.9976210765 0.0016001026
2258.7641292735 1.0008411262 0.0016001013
2258.7780184595 0.9992004442 0.0016001056
2258.7849630525 0.9982122118 0.0016001161
2258.7988522382 0.9962776892 0.0016001220
2258.8127414234 0.9984608025 0.0016001111
2258.8196860160 0.9961812977 0.0016001310
2258.8266306086 1.0001681700 0.0016001262
2258.8335752011 1.0004814961 0.0016001173
2258.8405197935 0.9981001468 0.0016001376
2258.8474643857 1.0043138685 0.0016001444
2258.8613535700 0.9985933584 0.0016001632
2258.8682981622 1.0011210568 0.0016001598
2258.8752427543 1.0031306935 0.0016001640
2258.8891319380 1.0036284525 0.0016001811
2258.9030211215 0.9988197777 0.0016001422
2258.9099657133 1.0004345300 0.0016001422
2258.9169103050 0.9968946719 0.0016001598
2258.9238548965 1.0001283498 0.0016001598
2258.9377440792 1.0013181451 0.0016001488
2258.9446886705 1.0014583569 0.0016001801
2258.9516332618 0.9994606753 0.0016001738
2258.9585778532 0.9999773881 0.0016001417
2258.9655224443 1.0014144972 0.0016001499
2258.9724670352 0.9996315489 0.0016001597
2258.9794116261 1.0000848778 0.0016001694
2258.9863562170 0.9995527734 0.0016001584
2258.9933008079 0.9986408643 0.0016001584
2259.0002453989 1.0019811172 0.0016001870
2259.0141345800 0.9984402722 0.0016001683
2259.0210791705 0.9980414711 0.0016001496
2259.0280237610 0.9997305424 0.0016001366
2259.0349683515 1.0011623506 0.0016001406
2259.0488575323 1.0020434188 0.0016001397
2259.0558021224 1.0027684125 0.0016001188
2259.0627467124 1.0026589874 0.0016001380
2259.0696913025 0.9969550919 0.0016001336
2259.0766358926 1.0000588844 0.0016001423
2259.0835804827 0.9972333562 0.0016001464
2259.0974696622 0.9997356283 0.0016001323
2259.1044142518 0.9973647554 0.0016001284
2259.1113588415 0.9993807202 0.0016001599
2259.1183034312 1.0012168883 0.0016001893
2259.1252480208 0.9979207679 0.0016001635
2259.1321926102 1.0012267212 0.0016001753
2259.1391371995 0.9995980787 0.0016001388
2259.1460817887 0.9996057770 0.0016001454
2259.1530263780 1.0027129645 0.0016001665
2259.1599709672 0.9990098609 0.0016001418
2259.1738601455 0.9995693948 0.0016001942
2259.1808047343 0.9974837063 0.0016001975
2259.1877493231 0.9991609119 0.0016001918
2259.1946939119 0.9998773836 0.0016001990
2259.2016385007 1.0027715697 0.0016002022
2259.2155276782 0.9984290971 0.0016001934
2259.2224722666 1.0013029639 0.0016002021
2259.2294168550 0.9961819638 0.0016001832
2259.2363614434 0.9989155523 0.0016001911
2259.2433060318 1.0000493617 0.0016001860
2259.2502506202 0.9996550133 0.0016001737
2259.2571952083 1.0041446388 0.0016001689
2259.2641397963 1.0019509012 0.0016001652
2259.2780289723 1.0009554468 0.0016001587
2259.2849735603 0.9993971897 0.0016001484
2259.2919181483 1.0007122243 0.0016001506
2259.2988627360 0.9997895125 0.0016001816
2259.3127519111 1.0010320834 0.0016001934
2259.3196964987 0.9990319881 0.0016001901
2259.3266410863 0.9996260042 0.0016002095
2259.3335856738 1.0024180116 0.0016002090
2259.3544194354 1.0002749286 0.0016002000
2259.3613640226 0.9965228471 0.0016001947
2259.3683086097 1.0030870496 0.0016001879
2259.3752531969 1.0009274917 0.0016001773
2259.3821977838 1.0023515925 0.0016001737
2259.3960869572 1.0001932077 0.0016001707
2259.4030315440 0.9987888053 0.0016001651
2259.4099761307 0.9983375262 0.0016001804
2259.4169207174 1.0027603701 0.0016001723
2259.4238653039 0.9992689773 0.0016001715
2259.4308098902 0.9990166529 0.0016001826
2259.4377544765 0.9994963128 0.0016001955
2259.4446990628 0.9989881204 0.0016002060
2259.4585882354 1.0034387199 0.0016002342
2259.4655328215 1.0033144555 0.0016002152
2259.4724774074 1.0028930290 0.0016002341
2259.4794219932 0.9983237245 0.0016002325
2259.4863665791 0.9999916978 0.0016002652
2259.4933111650 1.0008435259 0.0016002332
2259.5002557509 0.9993550840 0.0016002719
2259.5072003365 0.9991611684 0.0016002644
2259.5141449220 1.0015112886 0.0016002542
2259.5210895075 1.0025122976 0.0016002360
2259.5280340929 0.9993686079 0.0016002226
2259.5349786784 1.0019597674 0.0016002222
2259.5419232639 0.9995712795 0.0016002174
2259.5558124341 0.9976647042 0.0016002378
2259.5627570192 1.0000899661 0.0016002269
2259.5697016042 1.0036753461 0.0016002473
2259.5766461892 0.9995268083 0.0016002487
2259.5835907743 1.0005462935 0.0016002268
2259.5905353591 1.0005644279 0.0016002333
2259.5974799437 0.9982516891 0.0016002211
2259.6044245283 1.0021675931 0.0016002211
2259.6113691130 0.9990821457 0.0016002148
2259.6252582822 1.0006387866 0.0016001934
2259.6322028666 0.9980045757 0.0016002010
2259.6391474508 0.9994062494 0.0016001855
2259.6460920350 0.9998986328 0.0016001603
2259.6530366192 1.0004732298 0.0016001894
2259.6599812034 1.0014724910 0.0016002054
2259.6669257876 1.0030351912 0.0016002246
2259.6808149553 0.9997266025 0.0016002283
2259.6877595391 0.9994488004 0.0016002461
2259.6947041229 1.0012156386 0.0016002321
2259.7085932904 0.9999654567 0.0016002081
2259.7155378740 1.0025983122 0.0016002321
2259.7224824573 0.9984360402 0.0016002510
2259.7363716240 1.0032395246 0.0016002881
2259.7433162074 1.0018549142 0.0016002835
2259.7502607907 1.0007053068 0.0016002625
2259.7572053738 0.9995984530 0.0016002625
2259.7641499568 0.9959132397 0.0016002742
2259.7710945397 0.9981292283 0.0016002742
2259.7780391226 0.9992663313 0.0016002645
2259.7849837056 0.9996043435 0.0016002460
2259.7919282885 0.9984069726 0.0016002460
2259.7988728712 1.0000809396 0.0016002344
2259.8058174537 0.9994669123 0.0016002344
2259.8127620362 0.9990887249 0.0016002187
2259.8197066187 1.0023938079 0.0016002211
2259.8266512012 1.0015498010 0.0016002051
2259.8335957837 0.9992213940 0.0016002110
2259.8474849481 0.9985117577 0.0016002039
2259.8544295302 0.9988822649 0.0016002039
2259.8613741123 1.0017364924 0.0016001960
2259.8683186944 0.9982897103 0.0016002031
2259.8752632764 0.9980970745 0.0016002242
2259.8822078583 0.9982170423 0.0016002242
2259.8891524400 1.0001188677 0.0016002423
2259.8960970216 1.0028381704 0.0016002423
2259.9030416033 1.0003383647 0.0016002277
2259.9099861849 0.9993632438 0.0016002288
2259.9169307666 1.0015585170 0.0016002130
2259.9238753480 1.0015681998 0.0016002096
2259.9377645105 0.9989422099 0.0016002284
2259.9447090918 1.0023685038 0.0016002475
2259.9516536730 1.0017215014 0.0016002393
2259.9585982542 1.0001651519 0.0016002400
2259.9655428352 0.9992750351 0.0016002586
2259.9724874161 0.9999276168 0.0016002536
2259.9794319969 1.0013320820 0.0016002526
2259.9933211585 0.9985116056 0.0016002290
2260.0072103199 1.0029645310 0.0016002524
2260.0141549003 1.0029620443 0.0016002353
2260.0280440611 0.9967700050 0.0016002115
2260.0419332218 0.9986017846 0.0016002249
2260.0488778020 1.0007359611 0.0016002511
2260.0558223820 0.9988266198 0.0016002769
2260.0697115419 0.9995771445 0.0016002790
2260.0766561219 0.9995451637 0.0016002847
2260.0836007018 0.9994538720 0.0016002566
2260.0905452816 0.9992297844 0.0016002566
2260.1044344407 0.9978870468 0.0016002552
2260.1113790202 0.9990567529 0.0016002538
2260.1183235997 1.0015020188 0.0016002571
2260.1252681793 0.9983722455 0.0016002273
2260.1322127586 1.0020532642 0.0016002278
2260.1391573377 0.9994639652 0.0016002213
2260.1461019168 1.0001222667 0.0016002014
2260.1530464959 1.0020311432 0.0016002037
2260.1599910751 0.9992595022 0.0016001950
2260.1669356542 0.9986153943 0.0016001950
2260.1738802331 0.9994812733 0.0016002042
2260.1808248118 1.0001298545 0.0016001666
2260.1877693904 0.9991743258 0.0016001589
2260.1947139691 0.9981773767 0.0016001717
2260.2155477050 0.9991620417 0.0016001917
2260.2224922832 1.0024039228 0.0016001876
2260.2294368615 1.0044418067 0.0016001976
2260.2363814398 1.0005310307 0.0016001797
2260.2502705963 1.0008092184 0.0016001454
2260.2572151743 0.9956640275 0.0016001645
2260.2641597522 0.9945175658 0.0016001854
2260.2711043300 1.0015453854 0.0016002059
2260.2780489079 1.0009834155 0.0016002503
2260.2919380635 0.9964267634 0.0016002091
2260.2988826411 0.9989218581 0.0016002037
2260.3058272186 1.0016578986 0.0016002188
2260.3266609508 0.9976863221 0.0016002374
2260.3336055282 0.9976339800 0.0016002943
2260.3405501054 0.9986762371 0.0016002847
2260.3474946824 1.0027921725 0.0016002544
2260.3613838363 1.0006062479 0.0016002499
2260.3683284133 1.0011957021 0.0016003021
2260.3822175671 0.9999798149 0.0016003520
2260.3891621436 1.0003596215 0.0016003309
2260.3961067202 1.0005190948 0.0016003282
2260.4099958733 1.0017595789 0.0016002973
2260.4169404499 1.0003542073 0.0016003039
2260.4238850262 0.9988773152 0.0016002779
2260.4308296023 0.9997996765 0.0016002738
2260.4447187546 0.9999989587 0.0016002665
2260.4516633307 1.0000860748 0.0016002491
2260.4655524828 0.9975133169 0.0016002682
2260.4724970585 1.0010669863 0.0016003227
2260.4794416342 0.9977560018 0.0016002803
2260.4863862099 1.0031638902 0.0016002776
2260.4933307856 0.9972109058 0.0016002829
2260.5002753613 1.0017342208 0.0016002874
2260.5072199368 0.9995892929 0.0016002665
2260.5349982379 1.0005989442 0.0016003242
2260.5419428131 0.9974800508 0.0016003131
2260.5488873882 1.0005470703 0.0016003041
2260.5558319630 0.9998636246 0.0016002599
2260.5627765379 0.9984749990 0.0016002728
2260.5766656876 1.0060467486 0.0016002673
2260.5836102624 0.9994996558 0.0016002764
2260.5905548370 0.9997726924 0.0016002569
2260.6044439859 0.9988629879 0.0016002461
2260.6113885603 1.0041648603 0.0016002218
2260.6183331347 1.0007594787 0.0016002058
2260.6252777091 0.9993238217 0.0016002058
2260.6391668573 1.0009537622 0.0016001677
2260.6461114313 0.9995943384 0.0016001395
2260.6530560053 0.9983064415 0.0016001189
2260.6600005793 0.9995407454 0.0016001143
2260.6738897270 1.0043469871 0.0016001406
2261.0975085911 0.9991889866 0.0015999033
2261.1044531604 0.9993192196 0.0015999029
2261.1113977296 1.0007548238 0.0015999072
2261.1183422989 1.0012240134 0.0015999059
2261.1252868681 1.0009890492 0.0015998572
2261.1322314371 0.9998425167 0.0015998834
2261.1391760059 1.0010620221 0.0015998496
2261.1461205747 1.0014061595 0.0015998260
2261.1530651435 0.9994293082 0.0015998504
2261.1669542811 0.9986831860 0.0015998371
2261.1738988497 1.0037346927 0.0015998381
2261.1808434181 0.9994618330 0.0015998418
2261.1877879864 0.9987933067 0.0015998466
2261.1947325548 1.0000433157 0.0015998165
2261.2086216916 0.9985834908 0.0015998415
2261.2155662597 1.0015408658 0.0015998200
2261.2225108276 0.9974256736 0.0015998484
2261.2433445314 1.0027121594 0.0015998404
2261.2502890994 0.9995178336 0.0015998649
2261.2572336671 1.0002246455 0.0015998485
2261.2641782346 0.9978977130 0.0015998468
2261.2711228021 0.9995264658 0.0015998389
2261.2780673696 1.0003638652 0.0015998598
2261.2850119371 1.0007004652 0.0015998591
2261.2989010718 0.9985593524 0.0015998103
2261.3058456389 0.9983799836 0.0015998466
2261.3127902060 0.9996685189 0.0015998639
2261.3197347730 0.9996142982 0.0015998639
2261.3266793401 0.9979651305 0.0015998234
2261.3336239071 1.0000591531 0.0015998071
2261.3405684740 1.0019235139 0.0015997641
2261.3475130406 0.9995514158 0.0015998175
2261.3614021738 0.9989231789 0.0015998091
2261.3683467405 1.0036090883 0.0015998278
2261.3752913071 0.9978293321 0.0015998308
2261.3822358735 1.0013739341 0.0015998244
2261.3961250059 0.9995992414 0.0015997969
2261.4100141382 1.0032402656 0.0015998086
2261.4239032704 0.9990590604 0.0015997762
2261.4308478361 0.9962845900 0.0015997694
2261.4377924019 0.9992374376 0.0015997457
2261.4447369676 1.0034869848 0.0015997023
2261.4586260991 1.0013830054 0.0015996856
2261.4655706646 0.9986603101 0.0015996585
2261.4725152299 1.0034738625 0.0015996941
2261.4794597953 0.9997845051 0.0015996665
2261.4864043606 1.0001606165 0.0015997314
2261.4933489259 0.9986662881 0.0015996799
2261.5072380563 0.9986695157 0.0015996915
2261.5141826211 1.0010644111 0.0015997258
2261.5211271860 1.0001516651 0.0015997620
2261.5280717509 0.9996332056 0.0015997620
2261.5419608806 1.0002769411 0.0015996584
2261.5489054452 1.0009262999 0.0015996885
2261.5558500097 0.9990179553 0.0015996509
2261.5627945741 1.0004888090 0.0015996546
2261.5836282674 1.0021308502 0.0015996629
2261.5975173956 1.0006445140 0.0015996754
2261.6044619596 1.0002038736 0.0015996462
2261.6114065236 1.0033886670 0.0015996706
2261.6183510876 1.0002985496 0.0015996507
2261.6252956515 0.9977132992 0.0015996621
2261.6322402153 1.0021173769 0.0015996499
2261.6391847789 1.0025337251 0.0015996661
2261.6461293424 1.0023102202 0.0015996397
2261.6530739059 1.0017801903 0.0015996086
2261.6739075964 0.9972340105 0.0015995966
2261.6808521595 1.0009184795 0.0015995945
2261.6877967226 1.0013681299 0.0015995810
2261.6947412857 0.9995569868 0.0015995998
2261.7016858488 0.9991358631 0.0015995998
2261.7086304119 1.0001432435 0.0015996049
2261.7155749748 1.0005448805 0.0015996212
2261.7225195374 1.0023413973 0.0015996212
2261.7364086628 0.9974172805 0.0015995957
2261.7433532254 1.0004229065 0.0015995994
2261.7502977881 1.0024558092 0.0015996106
2261.7572423505 0.9982652629 0.0015995969
2261.7641869127 0.9984014629 0.0015996032
2261.7780760372 0.9997910151 0.0015996153
2261.7850205994 0.9999490050 0.0015996153
2261.7919651616 0.9982269916 0.0015996172
2261.7989097236 1.0000678865 0.0015996172
2261.8127988472 0.9940530018 0.0015995948
2261.8266879707 0.9996224317 0.0015995591
2261.8336325325 1.0009542187 0.0015995591
2261.8405770940 0.9982389959 0.0015995591
2261.8475216554 0.9993312563 0.0015995344
2261.8544662167 0.9990999029 0.0015995369
2261.8683553394 1.0047971038 0.0015995343
2261.8752999007 1.0018765282 0.0015995429
2261.8822444618 0.9994509450 0.0015995495
2261.8961335836 0.9994560194 0.0015995767
2261.9030781444 0.9997593197 0.0015995901
2261.9239118269 0.9984322389 0.0015995833
2261.9308563873 0.9985581152 0.0015995906
2261.9378009478 0.9977445216 0.0015995839
2261.9447455082 1.0024823993 0.0015995839
2261.9516900686 1.0009622227 0.0015995839
2261.9655791893 0.9975305882 0.0015995518
2261.9725237493 0.9993809300 0.0015995533
2261.9794683093 1.0022573509 0.0015995434
2261.9864128693 1.0002414978 0.0015995265
2261.9933574293 1.0024949645 0.0015995060
2262.0003019893 0.9943199603 0.0015995060
2262.0141911086 1.0011819822 0.0015995147
2262.0211356681 0.9979582814 0.0015995240
2262.0280802276 0.9998885192 0.0015995445
2262.0350247872 0.9991622861 0.0015995445
2262.0419693467 1.0020836440 0.0015995468
2262.0489139060 1.0023789987 0.0015995468
2262.0558584651 1.0024160520 0.0015995468
2262.0766921424 1.0012329653 0.0015995468
2262.0836367015 0.9979131739 0.0015995468
2262.0905812604 1.0001787909 0.0015995468
2262.0975258191 0.9975531638 0.0015995346
2262.1044703777 0.9976924478 0.0015995244
2262.1114149363 1.0011658141 0.0015995301
2262.1183594950 1.0016232794 0.0015995403
2262.1322486121 1.0011920726 0.0015995433
2262.1391931703 1.0015616890 0.0015995533
2262.1461377285 0.9997682375 0.0015995659
2262.1600268449 0.9981058756 0.0015995582
2262.1669714031 0.9989978198 0.0015995412
2262.1739159610 0.9995104798 0.0015995620
2262.1808605188 0.9981809298 0.0015995532
2262.1878050765 1.0002908376 0.0015995370
2262.2016941920 0.9974170812 0.0015995355
2262.2086387498 1.0001000131 0.0015995180
2262.2225278646 1.0012374670 0.0015995121
2262.2294724219 0.9993293193 0.0015995121
2262.2364169792 1.0041110068 0.0015995121
2262.2433615365 0.9987124805 0.0015995355
2262.2503060938 1.0002381690 0.0015995261
2262.2572506508 1.0051718886 0.0015995255
2262.2641952077 1.0025742441 0.0015995044
2262.2711397645 0.9989091205 0.0015994951
2262.2780843213 0.9999835552 0.0015994958
2262.2850288782 1.0039708059 0.0015995017
2262.2919734350 0.9987919390 0.0015995017
2262.2989179916 0.9996978942 0.0015994825
2262.3058625480 0.9961817978 0.0015994629
2262.3197516608 1.0010376360 0.0015994462
2262.3266962172 1.0000372434 0.0015994260
2262.3336407736 1.0011558880 0.0015994214
2262.3405853298 0.9973935232 0.0015994448
2262.3475298857 0.9984124165 0.0015994327
2262.3544744416 1.0006545217 0.0015994327
2262.3683635535 0.9996372966 0.0015994399
2262.3822526651 1.0023672171 0.0015994305
2262.3891972206 0.9996610881 0.0015994305
2262.3961417761 0.9980898196 0.0015994193
2262.4030863316 1.0025532036 0.0015994193
2262.4100308871 0.9990787522 0.0015994462
2262.4169754426 1.0031930261 0.0015994462
2262.4308645528 1.0013110743 0.0015994122
2262.4378091079 1.0010949002 0.0015993969
2262.4447536629 0.9967123056 0.0015994215
2262.4516982179 1.0033660219 0.0015994215
2262.4655873277 0.9975895620 0.0015994044
2262.4794764369 0.9983654975 0.0015994058
2262.4864209914 1.0003787824 0.0015993787
2262.4933655460 1.0004897484 0.0015993575
2262.5003101006 0.9988572147 0.0015993349
2262.5072546549 0.9984157305 0.0015993317
2262.5141992090 0.9976429993 0.0015993181
2262.5280883172 1.0018096737 0.0015993204
2262.5350328713 1.0018742094 0.0015993365
2262.5419774255 0.9995008762 0.0015993381
2262.5489219793 1.0002216701 0.0015993220
2262.5558665330 0.9972591965 0.0015993156
2262.5628110866 1.0003174580 0.0015992982
2262.5767001939 0.9959326251 0.0015992967
2262.5836447476 0.9976465487 0.0015993116
2262.5975338542 1.0006803079 0.0015993056
2262.6114229606 1.0020610860 0.0015993545
2262.6183675138 0.9972665791 0.0015993792
2262.6253120670 1.0007263031 0.0015993527
2262.6322566199 0.9991815933 0.0015993583
2262.6392011727 1.0011464534 0.0015993837
2262.6461457254 1.0004397036 0.0015994097
2262.6600348309 1.0005267589 0.0015994321
2262.6669793836 1.0011127302 0.0015994455
2262.6739239361 1.0007523924 0.0015994187
2262.6808684884 1.0011884290 0.0015994313
2262.6878130406 0.9974764521 0.0015994320
2262.7017021452 1.0000163311 0.0015994284
2262.7086466974 0.9963860364 0.0015994377
2262.7225358013 1.0005142647 0.0015994877
2262.7294803531 1.0033161586 0.0015994877
2262.7364249049 0.9996670370 0.0015994726
2262.7433694567 0.9986727580 0.0015994785
2262.7503140085 1.0013483197 0.0015994842
2262.7572585601 0.9992391622 0.0015994875
2262.7642031114 0.9981422554 0.0015994920
2262.7850367655 1.0003590010 0.0015994825
2262.7989258679 1.0003885395 0.0015994286
2262.8058704188 1.0015579073 0.0015994236
2262.8128149697 1.0012515914 0.0015994317
2262.8197595205 1.0038485796 0.0015994296
2262.8405931729 1.0026220783 0.0015994668
2262.8475377233 0.9997827086 0.0015994501
2262.8544822738 1.0012321963 0.0015994403
2262.8614268242 0.9986811097 0.0015994384
2262.8683713746 0.9992997258 0.0015994470
2262.8753159250 0.9995671115 0.0015994454
2262.8822604752 0.9990894524 0.0015994115
2262.8892050251 0.9980825759 0.0015994349
2262.8961495751 0.9973228887 0.0015994603
2262.9030941250 0.9998169610 0.0015994471
2262.9169832249 1.0006181178 0.0015994741
2262.9239277746 1.0000607328 0.0015994222
2262.9308723241 1.0007258210 0.0015993989
2262.9517059725 1.0008298975 0.0015994674
2262.9586505220 1.0023045723 0.0015994674
2262.9655950712 0.9998000260 0.0015994130
2262.9725396202 1.0007316436 0.0015994282
2262.9794841692 1.0015988954 0.0015994500
2262.9864287182 1.0025471348 0.0015994579
2263.0003178163 1.0008742833 0.0015994818
2263.0072623650 0.9966695321 0.0015994872
2263.0142069136 0.9992046476 0.0015995066
2263.0211514621 0.9975359410 0.0015994513
2263.0350405592 0.9997573586 0.0015994677
2263.0419851077 1.0000322472 0.0015995226
2263.0489296560 1.0000763562 0.0015995385
2263.0558742041 1.0015733981 0.0015995606
2263.0628187521 1.0004037644 0.0015995606
2263.0767078483 0.9987643086 0.0015995547
2263.0836523963 0.9979388146 0.0015995272
2263.0905969441 0.9958794287 0.0015995578
2263.0975414917 0.9997668761 0.0015995275
2263.1044860393 1.0007799842 0.0015994826
2263.1114305869 1.0011339374 0.0015995049
2263.1183751345 1.0002571962 0.0015995131
2263.1253196821 0.9968347759 0.0015995131
2263.1322642294 0.9962629486 0.0015995223
2263.1392087766 0.9944063765 0.0015995695
2263.1461533237 0.9973994104 0.0015995953
2263.1530978708 0.9962451248 0.0015995967
2263.1669869650 0.9977688813 0.0015995360
2263.1739315119 0.9970603358 0.0015994985
2263.1808760585 0.9967484579 0.0015994583
2263.1878206052 0.9972007387 0.0015994450
2263.1947651518 0.9970064293 0.0015994450
2263.2017096985 0.9943806497 0.0015994409
2263.2086542451 0.9974655394 0.0015994115
2263.2225433377 0.9953861320 0.0015994898
2263.2294878838 0.9986251403 0.0015994906
2263.2364324300 0.9964341562 0.0015994890
2263.2433769762 0.9956363966 0.0015994650
2263.2503215223 0.9960904081 0.0015994537
2263.2572660682 0.9954353948 0.0015994372
2263.2642106139 0.9966127428 0.0015994650
2263.2711551596 0.9990018557 0.0015994451
2263.2780997053 0.9962034211 0.0015994545
2263.2850442510 0.9956789483 0.0015994603
2263.2919887967 0.9943618268 0.0015994194
2263.3058778873 0.9953999789 0.0015993723
2263.3128224325 0.9947968975 0.0015993779
2263.3197669777 0.9979192689 0.0015994311
2263.3336560681 0.9951158751 0.0015994669
2263.3406006131 0.9973403595 0.0015994359
2263.3475451578 0.9987947631 0.0015994070
2263.3544897025 0.9988209832 0.0015994232
2263.3614342472 0.9997219300 0.0015994232
2263.3753233367 1.0016505963 0.0015994074
2263.3822678812 0.9987857389 0.0015994692
2263.3892124254 1.0016692351 0.0015994461
2263.3961569696 0.9992286090 0.0015994151
2263.4031015139 0.9983181857 0.0015994736
2263.4169906024 0.9979164666 0.0015994442
2263.4239351463 0.9988695357 0.0015994572
2263.4308796901 1.0007298574 0.0015994749
2263.4378242339 1.0007021445 0.0015995024
2263.4517133214 1.0027848931 0.0015994711
2263.4586578651 1.0010518217 0.0015994476
2263.4725469519 1.0011141944 0.0015994172
2263.4794914952 1.0029571739 0.0015993695
2263.4933805817 1.0016712357 0.0015994284
2263.5003251250 0.9987796552 0.0015993793
2263.5072696680 1.0025882173 0.0015993275
2263.5142142108 0.9990777526 0.0015992978
2263.5211587535 0.9999546040 0.0015993249
2263.5281032963 0.9989375718 0.0015993867
2263.5419923819 1.0025516142 0.0015994272
2263.5489369244 0.9993658752 0.0015994916
2263.5558814667 1.0016309301 0.0015994481
2263.5628260090 1.0020351792 0.0015994588
2263.5697705513 0.9965034551 0.0015994903
2263.5767150936 1.0007155766 0.0015995039
2263.5836596359 1.0009242030 0.0015994460
2263.5906041779 1.0000863623 0.0015994735
2263.5975487197 0.9983742125 0.0015994940
2263.6044932615 1.0062378217 0.0015995277
2263.6114378033 0.9964549768 0.0015995466
2263.6253268869 1.0014222073 0.0015994963
2263.6600495937 0.9991982925 0.0015995455
2263.6808832169 1.0013232569 0.0015995930
2263.6878277577 0.9968626911 0.0015995811
2263.6947722985 1.0004370777 0.0015995830
2263.7017168393 0.9995600798 0.0015995792
2263.7086613801 1.0006220064 0.0015995840
2263.7156059207 0.9964856451 0.0015996087
2263.7294950013 0.9992798505 0.0015996744
2263.7433840820 1.0016027249 0.0015995956
2263.7503286223 0.9977008543 0.0015996220
2263.7572731623 0.9976601156 0.0015995915
2263.7642177022 1.0000578505 0.0015995384
2263.7711622420 1.0031638318 0.0015995220
2263.7781067818 0.9965279333 0.0015995514
2263.7919958614 1.0023478363 0.0015995454
2263.7989404010 1.0002962240 0.0015995353
2263.8058849403 0.9995111022 0.0015995481
2263.8128294796 1.0001991539 0.0015995830
2263.8197740190 0.9966994408 0.0015996201
2263.8267185583 0.9976693669 0.0015995898
2263.8406076367 1.0003621785 0.0015996200
2263.8475521755 0.9997816470 0.0015996302
2263.8544967143 1.0002561219 0.0015996770
2263.8683857919 1.0033300094 0.0015996154
2263.8753303308 1.0019828678 0.0015996317
2263.8822748693 0.9984821092 0.0015995950
2263.8892194076 0.9966969902 0.0015995687
2263.8961639459 1.0005568102 0.0015995365
2263.9100530226 0.9979341809 0.0015995350
2263.9169975609 1.0020674084 0.0015995479
2263.9239420989 1.0000376594 0.0015995953
2263.9308866367 0.9986501637 0.0015995985
2263.9378311745 0.9994633474 0.0015996020
2263.9447757124 0.9983689156 0.0015995726
2263.9586647880 1.0035029591 0.0015996400
2263.9656093255 0.9985724206 0.0015996420
2263.9725538628 1.0001889356 0.0015996515
2263.9794984001 0.9998369219 0.0015996487
2264.0003320120 0.9997377073 0.0015996882
2264.0142210858 1.0030490144 0.0015996248
2264.0211656226 0.9965515608 0.0015995683
2264.0281101594 0.9997727455 0.0015995683
2264.0350546962 0.9976585569 0.0015995514
2264.0419992330 1.0007061664 0.0015995800
2264.0489437695 1.0003100464 0.0015995654
2264.0628328421 1.0005078952 0.0015995499
2264.0697773784 1.0042691175 0.0015995499
2264.0836664509 0.9966134067 0.0015995280
2264.0975555227 1.0009238274 0.0015995528
2264.1045000585 0.9998560668 0.0015995528
2264.1114445942 1.0009951759 0.0015995836
2264.1253336658 1.0006276087 0.0015996177
2264.1322782013 0.9983858436 0.0015995990
2264.1392227365 0.9973108429 0.0015995970
2264.1461672717 0.9999023704 0.0015995788
2264.1600563422 1.0011536501 0.0015996120
2264.1670008775 1.0022731100 0.0015996241
2264.1739454125 1.0007469500 0.0015996277
2264.1808899472 1.0011642649 0.0015996181
2264.1947790167 0.9966199693 0.0015995988
2264.2017235514 1.0026117298 0.0015995988
2264.2086680861 0.9980785094 0.0015996040
2264.2156126206 0.9984155076 0.0015996035
2264.2225571548 0.9993526429 0.0015996248
2264.2295016890 1.0014425368 0.0015996035
2264.2364462232 1.0000927131 0.0015995824
2264.2433907574 1.0009570752 0.0015995751
2264.2503352916 1.0015230129 0.0015995751
2264.2711688929 0.9994786085 0.0015995777
2264.2781134266 1.0005863919 0.0015995840
2264.2850579603 1.0009437090 0.0015995840
2264.2920024940 1.0009233444 0.0015995625
2264.3058915605 0.9996116476 0.0015995550
2264.3128360937 0.9981570817 0.0015995614
2264.3197806268 0.9992508442 0.0015995467
2264.3614478239 1.0004319556 0.0015995576
2264.3753368892 0.9974644359 0.0015995866
2264.3822814215 1.0009249514 0.0015995986
2264.3961704857 0.9969905911 0.0015996171
2264.4031150178 1.0005630357 0.0015995960
2264.4100595499 1.0008238945 0.0015995964
2264.4170040820 0.9997253728 0.0015995745
2264.4239486138 0.9997979270 0.0015995741
2264.4378376770 1.0008223738 0.0015995574
2264.4447822085 0.9994683802 0.0015995448
2264.4517267401 1.0019042100 0.0015995578
2264.4586712717 1.0010152845 0.0015995569
2264.4656158029 0.9986787578 0.0015995419
2264.4725603340 0.9992544519 0.0015995566
2264.4933939270 1.0017726493 0.0015995932
2264.5142275193 0.9985625289 0.0015996096
2264.5211720498 0.9986571852 0.0015996130
2264.5281165803 0.9953463864 0.0015995821
2264.5350611108 0.9993309626 0.0015995821
2264.5420056412 0.9981510077 0.0015995867
2264.5489501714 0.9999644971 0.0015996010
2264.5558947014 1.0000089757 0.0015995995
2264.5628392313 0.9969510869 0.0015996208
2264.5697837613 0.9973765262 0.0015995964
2264.5767282912 1.0008806730 0.0015996245
2264.5836728212 0.9990157404 0.0015996284
2264.5975618802 0.9983289403 0.0015995912
2264.6114509390 1.0032051092 0.0015995584
2264.6183954684 1.0021880762 0.0015995686
2264.6253399978 0.9985123138 0.0015995848
2264.6322845269 0.9994878176 0.0015995848
2264.6461735846 1.0000158705 0.0015995848
2264.6531181135 1.0014004604 0.0015995848
2264.6670071712 1.0004198490 0.0015995754
2264.6808962280 0.9960490565 0.0015995905
2264.6878407563 0.9999485130 0.0015995688
2264.6947852846 1.0003206521 0.0015995744
2264.7017298129 0.9979332778 0.0015995688
2264.7086743412 0.9984997481 0.0015995770
2264.7156188692 0.9985555637 0.0015995564
2264.7295079247 1.0019679082 0.0015995464
2264.7364524524 1.0028216844 0.0015995464
2264.7433969802 0.9993343141 0.0015995644
2264.7503415079 1.0008053735 0.0015995413
2264.7572860353 1.0018767129 0.0015995177
2264.7642305625 1.0005570108 0.0015995202
2264.7711750897 0.9964350413 0.0015995420
2264.7781196169 1.0018083369 0.0015995212
2264.7920086713 1.0011254423 0.0015995425
2264.8058977248 0.9993256664 0.0015995412
2264.8128422514 0.9990496467 0.0015995437
2264.8197867780 1.0027126256 0.0015995218
2264.8267313046 0.9979939718 0.0015994979
2264.8336758312 1.0024860493 0.0015994979
2264.8406203576 0.9991915403 0.0015995023
2264.8475648836 0.9989073063 0.0015994981
2264.8545094097 0.9998510026 0.0015995005
2264.8614539357 1.0014407963 0.0015995005
2264.8683984618 0.9961036369 0.0015995237
2264.8753429878 1.0012437314 0.0015995457
2264.8822875136 0.9997818449 0.0015995261
2264.9170101410 0.9984498920 0.0015995081
2264.9239546662 1.0027052212 0.0015995084
2264.9308991911 0.9994023703 0.0015994902
2264.9378437160 1.0009807632 0.0015994819
2264.9517327658 0.9987518409 0.0015994591
2264.9656218153 1.0001527548 0.0015994617
2264.9725663397 1.0019717426 0.0015994650
2264.9795108640 1.0002410410 0.0015994593
2264.9864553884 1.0008516138 0.0015994593
2264.9933999127 0.9985518691 0.0015994593
2265.0003444370 1.0010948584 0.0015994514
2265.0142334848 1.0028620917 0.0015994793
2265.0281225323 1.0003858284 0.0015994454
2265.0350670561 0.9987095401 0.0015994193
2265.0420115798 1.0002115016 0.0015994294
2265.0559006264 1.0014727174 0.0015994363
2265.0697896727 1.0002662086 0.0015994645
2265.0767341959 1.0000298417 0.0015994645
2265.0836787191 0.9966304353 0.0015994377
2265.0906232419 0.9999091373 0.0015994377
2265.1045122871 0.9983589441 0.0015994500
2265.1114568097 0.9982678784 0.0015994640
2265.1184013322 0.9995642027 0.0015994640
2265.1253458548 1.0015617649 0.0015994733
2265.1322903771 0.9997878338 0.0015994491
2265.1392348991 1.0005374663 0.0015994210
2265.1461794210 1.0056565769 0.0015994183
2265.1531239430 0.9983288191 0.0015994183
2265.1600684650 0.9987928417 0.0015994351
2265.1670129870 0.9994645747 0.0015994611
2265.1739575087 1.0002361686 0.0015994724
2265.1809020300 1.0013778595 0.0015994907
2265.2017355942 1.0057551636 0.0015994919
2265.2086801156 1.0001625926 0.0015994645
2265.2156246366 0.9976025604 0.0015994395
2265.2225691574 1.0026155464 0.0015994273
2265.2295136782 1.0030722135 0.0015994477
2265.2364581990 1.0003138825 0.0015994487
2265.2572917610 0.9981110410 0.0015994849
2265.2642362812 1.0020901331 0.0015994849
2265.2711808013 0.9992843907 0.0015994769
2265.2850698417 1.0024664408 0.0015995029
2265.2920143618 1.0016388261 0.0015995203
2265.2989588817 0.9990475159 0.0015995203
2265.3059034012 0.9993020353 0.0015995124
2265.3128479208 1.0013590968 0.0015994830
2265.3197924404 nan nan
2265.3267369599 nan nan
2265.3336814795 nan nan
2265.3475705176 nan nan
2265.3545150366 nan nan
2265.3614595555 nan nan
2265.3684040745 nan nan
2265.3753485934 nan nan
2265.3822931120 nan nan
2265.3892376303 nan nan
2265.3961821486 nan nan
2265.4031266669 nan nan
2265.4100711853 nan nan
2265.4170157036 nan nan
2265.4309047392 nan nan
2265.4378492569 nan nan
2265.4447937746 nan nan
2265.4517382923 nan nan
2265.4586828100 nan nan
2265.4725718444 nan nan
2265.4934053955 nan nan
2265.5211834621 nan nan
2265.5350724949 nan nan
2265.5420170113 nan nan
2265.5489615274 nan nan
2265.5628505589 nan nan
2265.5697950747 nan nan
2265.5767395904 nan nan
2265.5906286216 nan nan
2265.5975731367 nan nan
2265.6114621669 nan nan
2265.6184066821 nan nan
2272.0767941512 nan nan
2272.0837386431 nan nan
2272.0976276263 nan nan
2272.1045721178 nan nan
2272.1115166092 nan nan
2272.1184611007 nan nan
2272.1254055922 nan nan
2272.1323500835 nan nan
2272.1462390656 nan nan
2272.1531835567 nan nan
2272.1601280478 nan nan
2272.1809615203 nan nan
2272.1879060109 nan nan
2272.1948505016 nan nan
2272.2017949922 nan nan
2272.2087394829 nan nan
2272.2156839733 nan nan
2272.2295729537 nan nan
2272.2365174439 nan nan
2272.2434619341 nan nan
2272.2573509143 nan nan
2272.2781843837 nan nan
2272.2851288735 nan nan
2272.2920733632 nan nan
2272.3059623422 nan nan
2272.3129068315 nan nan
2272.3198513209 nan nan
2272.3267958102 nan nan
2272.3337402996 nan nan
2272.3406847887 nan nan
2272.3476292777 nan nan
2272.3545737666 nan nan
2272.3615182555 nan nan
2272.3684627445 nan nan
2272.3754072334 nan nan
2272.3823517221 1.0005176849 0.0015977164
2272.3962406991 0.9971459150 0.0015977130
2272.4031851876 0.9997435969 0.0015977378
2272.4101296761 0.9986688363 0.0015977378
2272.4240186529 1.0016462726 0.0015976905
2272.4309631410 1.0011789874 0.0015977162
2272.4379076290 1.0004744700 0.0015977162
2272.4448521171 0.9992116612 0.0015977441
2272.4517966052 0.9999802541 0.0015977731
2272.4656855811 0.9973428287 0.0015978109
2272.4726300688 0.9982486807 0.0015978162
2272.4795745564 1.0016472849 0.0015978305
2272.4865190441 1.0015204015 0.0015978185
2272.4934635317 0.9981301562 0.0015978033
2272.5004080194 1.0013738057 0.0015978043
2272.5073525068 0.9999192635 0.0015978124
2272.5142969940 1.0018308076 0.0015978081
2272.5281859684 1.0015396736 0.0015978354
2272.5351304557 0.9979978727 0.0015978148
2272.5490194299 1.0011126071 0.0015978502
2272.5629084034 1.0017406561 0.0015978502
2272.5698528902 1.0002531099 0.0015978694
2272.5767973770 0.9981620124 0.0015978866
2272.5837418638 1.0004849720 0.0015979103
2272.5906863504 1.0011788513 0.0015979346
2272.5976308367 1.0012120586 0.0015979346
2272.6045753231 0.9990474633 0.0015979378
2272.6115198095 1.0008210781 0.0015979565
2272.6184642958 0.9967660113 0.0015979790
2272.6254087822 0.9980247298 0.0015979989
2272.6323532683 1.0009597181 0.0015980180
2272.6392977543 1.0008779127 0.0015980417
2272.6462422402 1.0016036659 0.0015980347
2272.6531867261 0.9996991852 0.0015980347
2272.6601312120 1.0001222976 0.0015980468
2272.6740201837 1.0011783885 0.0015980676
2272.6879091547 1.0001796486 0.0015980911
2272.6948536402 0.9995698242 0.0015981139
2272.7017981257 0.9975654545 0.0015981332
2272.7087426112 0.9994561129 0.0015981362
2272.7156870965 1.0005336510 0.0015981565
2272.7226315815 1.0021592491 0.0015981565
2272.7365205517 1.0004619183 0.0015981670
2272.7434650367 1.0018274353 0.0015981792
2272.7504095218 1.0013877217 0.0015982019
2272.7642984913 1.0002943042 0.0015982273
2272.7712429759 1.0028897982 0.0015982343
2272.7781874606 1.0002621882 0.0015982468
2272.7851319452 1.0022672772 0.0015982468
2272.7920764299 1.0004519925 0.0015982657
2272.7990209143 1.0002266226 0.0015982868
2272.8129098827 0.9994575205 0.0015983055
2272.8198543669 0.9992258454 0.0015982972
2272.8267988511 0.9977602727 0.0015983160
2272.8337433353 0.9981361824 0.0015983368
2272.8406878193 1.0003552476 0.0015983373
2272.8476323031 1.0005486685 0.0015983431
2272.8545767869 0.9985805436 0.0015983431
2272.8615212707 0.9982303855 0.0015983277
2272.8684657544 0.9997788663 0.0015983427
2272.8754102382 0.9970249385 0.0015983565
2272.8823547218 1.0000913099 0.0015983751
2272.8962436885 0.9994488674 0.0015984006
2272.9031881718 0.9996472993 0.0015984045
2272.9101326552 0.9999113690 0.0015984045
2272.9170771385 0.9985191508 0.0015983954
2272.9240216216 0.9979665107 0.0015984059
2272.9309661046 1.0013835260 0.0015984059
2272.9448550704 0.9988188321 0.0015984370
2272.9517995533 1.0036490176 0.0015984460
2272.9587440362 1.0007390945 0.0015984550
2272.9656885189 1.0004243119 0.0015984691
2272.9726330014 1.0001514938 0.0015984799
2272.9795774839 1.0001763780 0.0015984799
2272.9865219664 1.0039014086 0.0015984625
2272.9934664488 1.0003294009 0.0015984761
2273.0004109313 1.0010710676 0.0015984954
2273.0142998956 0.9994516515 0.0015985088
2273.0351333418 0.9984991641 0.0015985449
2273.0420778239 0.9974415746 0.0015985598
2273.0490223057 1.0014902830 0.0015985598
2273.0559667873 0.9983182188 0.0015985680
2273.0698557505 1.0006468373 0.0015985943
2273.0768002322 1.0011385188 0.0015986291
2273.0837447138 1.0015195952 0.0015986387
2273.0906891952 1.0010597235 0.0015986567
2273.0976336764 1.0015779346 0.0015986708
2273.1045781575 0.9999884516 0.0015986871
2273.1115226387 1.0028578176 0.0015987221
2273.1184671199 0.9994615881 0.0015987580
2273.1323560821 0.9992380923 0.0015987800
2273.1393005628 0.9991243747 0.0015987804
2273.1462450436 0.9997398254 0.0015987932
2273.1531895243 1.0026963508 0.0015988032
2273.1601340051 1.0015302206 0.0015988298
2273.1670784858 0.9955717461 0.0015988347
2273.1809674467 0.9975768012 0.0015988426
2273.1948564073 0.9999993898 0.0015988708
2273.2018008876 1.0022332194 0.0015988881
2273.2087453680 0.9981726400 0.0015988793
2273.2156898480 1.0003310728 0.0015988982
2273.2226343279 1.0013114576 0.0015988982
2273.2295788078 1.0011076213 0.0015989164
2273.2365232877 0.9993982736 0.0015989216
2273.2434677676 0.9981174520 0.0015989336
2273.2573567271 1.0000398300 0.0015989530
2273.2643012066 1.0004667979 0.0015989530
2273.2781901655 0.9971167665 0.0015989709
2273.2851346449 0.9989932511 0.0015989895
2273.2920791244 1.0013551327 0.0015990009
2273.2990236036 0.9979988381 0.0015990009
2273.3059680826 1.0004513911 0.0015990161
2273.3129125617 1.0025193049 0.0015990348
2273.3198570407 1.0012289861 0.0015990512
2273.3268015197 0.9991489138 0.0015990838
2273.3406904775 0.9995889766 0.0015991182
2273.3476349561 0.9985920981 0.0015991250
2273.3545794347 1.0002716353 0.0015991282
2273.3615239132 0.9975408360 0.0015991415
2273.3754128704 0.9999959268 0.0015991585
2273.3893018269 1.0009422509 0.0015991377
2273.3962463051 0.9994264205 0.0015991299
2273.4101352614 1.0026348241 0.0015991290
2273.4170797395 1.0024020316 0.0015991266
2273.4240242174 0.9992388240 0.0015991595
2273.4379131728 0.9985343735 0.0015992105
2273.4448576506 0.9987169920 0.0015992105
2273.4518021283 0.9985957604 0.0015992291
2273.4587466060 1.0001860586 0.0015992291
2273.4656910835 1.0004570214 0.0015991976
2273.4726355607 0.9999238902 0.0015991719
2273.4795800380 1.0014613450 0.0015991904
2273.4865245153 1.0020335546 0.0015991993
2273.4934689926 1.0007067911 0.0015991879
2273.5004134698 1.0003921656 0.0015992114
2273.5073579469 1.0009420084 0.0015992042
2273.5143024237 1.0003928850 0.0015992371
2273.5212469006 0.9996852181 0.0015992438
2273.5281913774 1.0025655124 0.0015992453
2273.5351358542 0.9981633790 0.0015992195
2273.5420803311 1.0001627463 0.0015992364
2273.5629137605 0.9994462096 0.0015992622
2273.5698582369 0.9997399548 0.0015992576
2273.5768027133 0.9986409549 0.0015992466
2273.5837471897 0.9988727367 0.0015992598
2273.5976361418 1.0005604078 0.0015992853
2273.6045806178 0.9993394387 0.0015992841
2273.6115250938 0.9988316693 0.0015992964
2273.6184695697 0.9972111761 0.0015992958
2273.6254140457 0.9993774044 0.0015992873
2273.6323585214 0.9979725860 0.0015992874
2273.6393029970 1.0012658498 0.0015993165
2273.6531919480 0.9997917117 0.0015993235
2273.6601364235 0.9992056347 0.0015993404
2273.6670808991 1.0006490205 0.0015993417
2273.6740253744 0.9984861331 0.0015993716
2273.6879143245 0.9976459533 0.0015993695
2273.6948587996 0.9990900933 0.0015993842
2273.7018032747 1.0005509607 0.0015993847
2273.7087477498 0.9989474035 0.0015993835
2273.7226366993 1.0016206804 0.0015994030
2273.7295811740 0.9986386771 0.0015993977
2273.7365256486 0.9997524191 0.0015993974
2273.7434701233 0.9980348903 0.0015994096
2273.7504145979 0.9999049718 0.0015994115
2273.7573590723 0.9994310335 0.0015994282
2273.7643035466 1.0001822294 0.0015994403
2273.7712480208 0.9996401840 0.0015994376
2273.7851369692 0.9988734574 0.0015994600
2273.7920814434 0.9977579480 0.0015994748
2273.7990259174 1.0004888201 0.0015994981
2273.8059703912 0.9993154683 0.0015995088
2273.8129148649 1.0014728583 0.0015995220
2273.8198593387 0.9988220012 0.0015995391
2273.8268038125 0.9982297240 0.0015995410
2273.8337482863 1.0007142934 0.0015995130
2273.8406927598 1.0002595395 0.0015995390
2273.8545817065 1.0022035500 0.0015995300
2273.8615261798 0.9993039851 0.0015995168
2273.8684706531 0.9994099750 0.0015995289
2273.8754151265 0.9972277532 0.0015994959
2273.8823595996 0.9996496859 0.0015994883
2273.8893040725 0.9993237467 0.0015995003
2273.8962485454 1.0003350991 0.0015994857
2273.9101374911 1.0015193438 0.0015994802
2273.9170819640 0.9996936829 0.0015994682
2273.9309709091 0.9975094786 0.0015994721
2273.9379153816 0.9994866323 0.0015994554
2273.9448598540 0.9998537604 0.0015994650
2273.9518043265 0.9998417199 0.0015994688
2273.9587487990 0.9992725451 0.0015994773
2273.9656932712 0.9997665985 0.0015994886
2273.9795822152 1.0023430745 0.0015995083
2273.9865266872 0.9994099437 0.0015994921
2273.9934711592 0.9983328755 0.0015995034
2274.0073601030 0.9992231963 0.0015995221
2274.0143045746 0.9985768753 0.0015995234
2274.0212490461 0.9982450678 0.0015995234
2274.0351379893 0.9989036148 0.0015995033
2274.0490269322 0.9960548188 0.0015995175
2274.0559714033 0.9977657164 0.0015995185
2274.0629158745 0.9999495561 0.0015995091
2274.0698603456 0.9983046632 0.0015995226
2274.0837492878 0.9983009207 0.0015995451
2274.0906937587 0.9990641226 0.0015995518
2274.0976382294 0.9998914763 0.0015995724
2274.1045827001 0.9984501422 0.0015995960
2274.1115271708 0.9971109467 0.0015996209
2274.1184716415 0.9999110895 0.0015996095
2274.1323605826 1.0004869571 0.0015995833
2274.1393050529 0.9997735263 0.0015995801
2274.1462495231 1.0009763572 0.0015995851
2274.1531939933 0.9972644592 0.0015995990
2274.1601384636 1.0001279930 0.0015996152
2274.1670829338 0.9998483215 0.0015996084
2274.1879163434 1.0006346495 0.0015996087
2274.3198612569 0.9991725986 0.0015997271
2274.3476391301 1.0014790958 0.0015997401
2274.3545835981 1.0001705481 0.0015997410
2274.3615280661 0.9995432960 0.0015997097
2274.3684725341 1.0009622936 0.0015996980
2274.3754170022 1.0020366212 0.0015997158
2274.3823614700 1.0024947902 0.0015997166
2274.3893059375 0.9996124965 0.0015997232
2274.4031948727 1.0005121716 0.0015997362
2274.4101393402 1.0006793418 0.0015997354
2274.4170838078 0.9989810573 0.0015997475
2274.4309727423 0.9981279555 0.0015997517
2274.4448616765 0.9997065016 0.0015997214
2274.4587506108 1.0015402293 0.0015997266
2274.4656950777 1.0018843187 0.0015997502
2274.4726395444 1.0004932607 0.0015997616
2274.4795840110 1.0012663842 0.0015997900
2274.4934729444 0.9999732150 0.0015998229
2274.5004174111 1.0021517855 0.0015998169
2274.5073618775 0.9987933581 0.0015998411
2274.5143063438 0.9998592021 0.0015998647
2274.5212508100 1.0022177233 0.0015998772
2274.5281952762 1.0016611067 0.0015998879
2274.5351397425 0.9986065984 0.0015998740
2274.5420842087 0.9994226376 0.0015998653
2274.5490286747 1.0006850796 0.0015998576
2274.5559731405 1.0023557993 0.0015998711
2274.5629176062 1.0021077350 0.0015998769
2274.5768065378 1.0005112243 0.0015998515
2274.5837510036 0.9999903734 0.0015998290
2274.5906954691 1.0016494477 0.0015998428
2274.6045843998 1.0007830754 0.0015998525
2274.6115288651 0.9983566240 0.0015998453
2274.6184733305 1.0001695501 0.0015998177
2274.6254177958 1.0020567638 0.0015998181
2274.6323622609 0.9990321801 0.0015998142
2274.6462511907 1.0022984658 0.0015998237
2274.6531956556 0.9998315373 0.0015998178
2274.6601401204 1.0001208309 0.0015998215
2274.6670845853 0.9988774657 0.0015998354
2274.6740290500 1.0022668701 0.0015998191
2274.6809735144 0.9997645290 0.0015998143
2274.6879179788 0.9992733612 0.0015997848
2274.6948624433 0.9994648986 0.0015997611
2274.7087513721 1.0014093559 0.0015997608
2274.7226403003 1.0008214826 0.0015997714
2274.7295847643 1.0014861263 0.0015997586
2274.7365292283 1.0006965915 0.0015997445
2274.7434736923 1.0017922733 0.0015997448
2274.7504181563 0.9981514833 0.0015997497
2274.7643070835 1.0013517995 0.0015997509
2274.7712515471 1.0005135500 0.0015997645
2274.7781960106 1.0003030878 0.0015997656
2274.7851404741 1.0001312584 0.0015997545
2274.7920849377 0.9991531375 0.0015997479
2274.7990294009 0.9990985723 0.0015997478
2274.8059738640 0.9992850171 0.0015997554
2274.8129183271 0.9985714647 0.0015997557
2274.8198627902 0.9979744220 0.0015997279
2274.8268072533 1.0013718474 0.0015996977
2274.8337517163 0.9990708404 0.0015997075
2274.8476406418 1.0012848225 0.0015997062
2274.8615295671 0.9997939012 0.0015997175
2274.8684740297 1.0014588556 0.0015997257
2274.8754184923 1.0027070202 0.0015997270
2274.8823629547 0.9992098455 0.0015997272
2274.8893074169 1.0015830164 0.0015997150
2274.8962518790 1.0013086936 0.0015997118
2274.9031963412 1.0002548759 0.0015997020
2274.9101408034 1.0004640231 0.0015997268
2274.9309741892 1.0018721273 0.0015996986
2274.9379186509 0.9977561335 0.0015997128
2274.9518075744 1.0006925948 0.0015997393
2274.9587520361 1.0002151923 0.0015997392
2274.9656964975 1.0010069707 0.0015997216
2274.9726409588 0.9967172424 0.0015997373
2274.9795854201 1.0022083217 0.0015997702
2274.9934743426 0.9998487118 0.0015997608
2275.0004188039 1.0003111851 0.0015997603
2275.0212521865 1.0000393042 0.0015997131
2275.0281966473 1.0009716557 0.0015996970
2275.0351411081 0.9997990612 0.0015996930
2275.0420855689 0.9992967187 0.0015997109
2275.0490300295 0.9989162504 0.0015997203
2275.0559744898 1.0009276542 0.0015997190
2275.0698634105 1.0019276332 0.0015997137
2275.0768078709 0.9997190485 0.0015997301
2275.0837523312 1.0009189175 0.0015997266
2275.0906967913 0.9998373343 0.0015997172
2275.0976412512 0.9978611645 0.0015997043
2275.1045857111 0.9983974070 0.0015996981
2275.1115301710 1.0009614676 0.0015996836
2275.1184746309 1.0018068939 0.0015996985
2275.1254190908 1.0005930120 0.0015996864
2275.1323635504 0.9999520980 0.0015996929
2275.1393080099 0.9999129150 0.0015997043
2275.1462524693 0.9959678751 0.0015997077
2275.1601413882 1.0002819500 0.0015997002
2275.1670858476 1.0003984244 0.0015997058
2275.1740303068 0.9985112688 0.0015997206
2275.1809747658 0.9996115532 0.0015997123
2275.1948636837 0.9987492576 0.0015997370
2275.2018081427 0.9988467997 0.0015997533
2275.2087526017 0.9987208496 0.0015997533
2275.2226415189 1.0006029844 0.0015997656
2275.2295859774 0.9993893848 0.0015997661
2275.2365304359 1.0009691045 0.0015997820
2275.2434748945 0.9995431885 0.0015997969
2275.2504193530 0.9987972003 0.0015997947
2275.2573638112 1.0022080125 0.0015998030
2275.2643082693 1.0002579778 0.0015998179
2275.2712527273 1.0000271422 0.0015998337
2275.2781971854 1.0004511961 0.0015998207
2275.2851416435 1.0041633641 0.0015998207
2275.2990305593 0.9998371248 0.0015998311
2275.3059750169 0.9991329690 0.0015998327
2275.3129194745 0.9992208131 0.0015998470
2275.3198639321 0.9971594457 0.0015998392
2275.3268083897 0.9992109088 0.0015998235
2275.3406973046 0.9993044366 0.0015998094
2275.3476417617 1.0006333325 0.0015998228
2275.3545862189 1.0015218997 0.0015998137
2275.3615306760 1.0010899072 0.0015998254
2275.3684751331 0.9988126837 0.0015998359
2275.3754195903 1.0000408783 0.0015998677
2275.3823640471 1.0007540119 0.0015998965
2275.3893085038 0.9982469654 0.0015998988
2275.4031974171 1.0010861083 0.0015998894
2275.4101418738 1.0000951349 0.0015998820
2275.4170863305 0.9997615401 0.0015998852
2275.4240307869 0.9997031403 0.0015999012
2275.4309752431 1.0007628502 0.0015998975
2275.4379196993 1.0000038137 0.0015998925
2275.4448641555 1.0004125544 0.0015998905
2275.4518086117 0.9984438304 0.0015999043
2275.4587530679 0.9976209361 0.0015999142
2275.4656975239 0.9994870776 0.0015999142
2275.4726419796 0.9989161814 0.0015999123
2275.4865308911 0.9995279020 0.0015998982
2275.4934753468 1.0021808535 0.0015998888
2275.5004198025 0.9993218856 0.0015999196
2275.5073642580 0.9985789766 0.0015998952
2275.5143087133 0.9991283389 0.0015998823
2275.5212531686 0.9998770060 0.0015998905
2275.5351420791 1.0020645696 0.0015998871
2275.5420865344 1.0006194627 0.0015998796
2275.5490309894 0.9987723548 0.0015999044
2275.5559754442 0.9993765690 0.0015999084
2275.5629198990 1.0019858218 0.0015999258
2275.5768088086 1.0028909818 0.0015999544
2275.5837532634 0.9975904848 0.0015999550
2275.5906977180 0.9982441590 0.0015999835
2275.5976421723 1.0011746440 0.0015999723
2275.6045866266 0.9998761735 0.0015999817
2275.6115310810 1.0013034402 0.0015999678
2275.6184755353 0.9997688510 0.0015999696
2275.6254199896 0.9990824653 0.0015999711
2275.6323644437 0.9970055014 0.0015999695
2275.6393088976 1.0024567560 0.0015999624
2275.6462533514 1.0006986532 0.0015999921
2275.6531978053 0.9970314657 0.0015999926
2275.6601422592 0.9999052964 0.0015999963
2275.6670867130 1.0002779724 0.0015999753
2275.6740311667 1.0036387350 0.0016000001
2275.6809756200 1.0012835603 0.0015999989
2275.6879200734 1.0017176855 0.0015999935
2275.7087534336 1.0015497620 0.0016000160
2275.7156978868 0.9994260944 0.0016000256
2275.7295867926 1.0014606771 0.0016000298
2275.7365312455 0.9982682075 0.0016000515
2275.7434756985 0.9999282677 0.0016000809
2275.7504201514 1.0008470289 0.0016000814
2275.7573646041 0.9994689972 0.0016000814
2275.7643090565 0.9986616239 0.0016001018
2275.7712535090 1.0001187420 0.0016000998
2275.7851424139 0.9994152210 0.0016001157
2275.7920868663 1.0008866207 0.0016001091
2275.7990313185 0.9975963063 0.0016000951
2275.8059757705 1.0017789193 0.0016001050
2275.8129202225 1.0025822755 0.0016001082
2275.8198646744 1.0015555447 0.0016000966
2275.8337535784 1.0006249681 0.0016001121
2275.8406980301 1.0003137642 0.0016001182
2275.8476424816 0.9981982926 0.0016001443
2275.8545869331 1.0016687212 0.0016001521
2275.8615313846 0.9971076608 0.0016001499
2275.8684758361 0.9984140603 0.0016001733
2275.8823647389 1.0009149936 0.0016001853
2275.8893091899 1.0010855805 0.0016002050
2275.8962536409 1.0009252513 0.0016002324
2275.9031980919 0.9993255804 0.0016002430
2275.9101425430 1.0013010738 0.0016002585
2275.9170869940 1.0017881074 0.0016002585
2275.9240314448 0.9993090881 0.0016002584
2275.9309758953 0.9981329044 0.0016002882
2275.9379203459 0.9970208469 0.0016002713
2275.9448647964 0.9991550788 0.0016002624
2275.9518092470 0.9997804377 0.0016002764
2275.9587536975 1.0019910001 0.0016002825
2275.9656981478 0.9989792869 0.0016003064
2275.9726425979 0.9986952947 0.0016002920
2275.9795870479 1.0001009296 0.0016002965
2275.9865314980 0.9996060174 0.0016002965
2275.9934759481 1.0003570893 0.0016003003
2276.0143092976 1.0011006519 0.0016002904
2276.0212537471 1.0025786683 0.0016002938
2276.0281981967 0.9997554572 0.0016003061
2276.0351426463 0.9981876619 0.0016003019
2276.0420870959 0.9983864375 0.0016003026
2276.0490315453 0.9987100776 0.0016002954
2276.0629204435 0.9995320503 0.0016002820
2276.0698648926 0.9984874706 0.0016002965
2276.0768093417 0.9992781519 0.0016002976
2276.0906982397 1.0015921213 0.0016002988
2276.0976426883 0.9995674542 0.0016002810
2276.1115315855 0.9987094649 0.0016002675
2276.1184760342 1.0015268426 0.0016002680
2276.1323649312 0.9992931873 0.0016002760
2276.1393093793 1.0009071128 0.0016002819
2276.1462538274 0.9998711396 0.0016002695
2276.1601427237 0.9997651901 0.0016002632
2276.1670871719 0.9988862427 0.0016002825
2276.1740316198 1.0010540974 0.0016002823
2276.1879205151 0.9984779372 0.0016002843
2276.1948649627 0.9985611384 0.0016002602
2276.2087538581 0.9991443697 0.0016002427
2276.2156983055 1.0002035452 0.0016002488
2276.2226427526 1.0003084687 0.0016002458
2276.2295871998 0.9982649977 0.0016002474
2276.2365316470 0.9974070420 0.0016002475
2276.2434760941 1.0004516796 0.0016002562
2276.2504205413 0.9994886208 0.0016002470
2276.2573649882 0.9985525184 0.0016002467
2276.2643094349 0.9985311635 0.0016002621
2276.2712538816 1.0017365327 0.0016002603
2276.2851427750 0.9990681282 0.0016002558
2276.2920872217 1.0003753257 0.0016002530
2276.2990316681 1.0000710057 0.0016002463
2276.3059761143 0.9987353311 0.0016002292
2276.3198650067 1.0025157139 0.0016002074
2276.3268094529 1.0006512149 0.0016001931
2276.3337538990 1.0011117799 0.0016002009
2276.3476427907 1.0015415712 0.0016002164
2276.3545872364 0.9980789646 0.0016002284
2276.3684761278 0.9980771843 0.0016002300
2276.3754205735 0.9987829697 0.0016002220
2276.3823650189 0.9997002081 0.0016002220
2276.3893094642 1.0002322313 0.0016002081
2276.3962539094 1.0021838800 0.0016002081
2276.4031983546 1.0020334055 0.0016002159
2276.4101427998 0.9988715863 0.0016002261
2276.4170872450 0.9980374322 0.0016002393
2276.4240316900 0.9990726685 0.0016002414
2276.4309761347 1.0007183183 0.0016002634
2276.4448650241 0.9986073753 0.0016002875
2276.4518094688 1.0006109572 0.0016002637
2276.4587539135 1.0021891187 0.0016002352
2276.4656983580 1.0010004163 0.0016002337
2276.4726428022 1.0019051512 0.0016002246
2276.4795872464 1.0015480299 0.0016002410
2276.4865316907 1.0012402358 0.0016002451
2276.4934761349 0.9976002250 0.0016002608
2276.5004205791 1.0018116610 0.0016002668
2276.5073650231 1.0015904465 0.0016002558
2276.5143094668 1.0008742872 0.0016002491
2276.5212539105 1.0005094723 0.0016002440
2276.5351427980 1.0003272402 0.0016002549
2276.5420872417 0.9982538459 0.0016002715
2276.5490316852 1.0015100205 0.0016002690
2276.5559761284 0.9999287939 0.0016002536
2276.5629205716 0.9995206695 0.0016002846
2276.5698650148 0.9980991866 0.0016002933
2276.5837539013 0.9986670824 0.0016002748
2276.5906983443 1.0014381951 0.0016002513
2276.5976427870 1.0000631504 0.0016002530
2276.6115316724 1.0002701283 0.0016002550
2276.6184761152 1.0018436237 0.0016002678
2276.6254205579 0.9995035523 0.0016002758
2276.6323650003 1.0008111907 0.0016002681
2276.6393094426 0.9982029814 0.0016002756
2276.6601427692 1.0013803898 0.0016002866
2276.6670872115 0.9992230339 0.0016002844
2276.6809760951 1.0001329674 0.0016003051
2276.6879205369 0.9999596085 0.0016003340
2276.6948649786 0.9994185116 0.0016003233
2276.7018094203 0.9995962393 0.0016003377
2276.7087538620 0.9992979192 0.0016003651
2276.7156983035 1.0006761422 0.0016003714
2276.7226427447 1.0020362231 0.0016003845
2276.7295871859 0.9988873799 0.0016003925
2276.7365316271 0.9984007469 0.0016003799
2276.7434760683 0.9984192663 0.0016003954
2276.7504205095 1.0002319434 0.0016003942
2276.7573649505 0.9994089884 0.0016003767
2276.7643093912 1.0011259190 0.0016003661
2276.7781982726 0.9994996394 0.0016003786
2276.7920871540 1.0008721848 0.0016003885
2276.7990315944 0.9975508659 0.0016003595
2276.8059760346 0.9983776179 0.0016003730
2276.8129204748 0.9998629387 0.0016003876
2276.8268093552 0.9993589997 0.0016004132
2276.8337537954 0.9995952303 0.0016004209
2276.8406982354 0.9988722821 0.0016004178
2276.8476426750 0.9993934391 0.0016004043
2276.8545871147 1.0004533144 0.0016004280
2276.8615315544 0.9993049711 0.0016004017
2276.8684759941 0.9997290948 0.0016004023
2276.8823648732 0.9996732129 0.0016003877
2276.8893093124 0.9986510819 0.0016003846
2276.8962537515 0.9996963952 0.0016003996
2276.9031981907 0.9963965961 0.0016003825
2276.9170870690 1.0001174319 0.0016004145
2276.9240315079 0.9983651803 0.0016003991
2276.9309759466 1.0002376440 0.0016003846
2276.9379203852 1.0009085654 0.0016003668
2276.9448648239 0.9997228988 0.0016003445
2276.9587537012 1.0000825433 0.0016003604
2276.9656981396 0.9988291598 0.0016003524
2276.9726425777 1.0002467442 0.0016003425
2276.9795870159 1.0009519692 0.0016003163
2276.9934758921 0.9998698711 0.0016003331
2277.0004203303 1.0015524957 0.0016003368
2277.0143092057 1.0003513998 0.0016003549
2277.0212536434 1.0001379499 0.0016003744
2277.0351425186 1.0006476581 0.0016004116
2277.0420869562 0.9996538139 0.0016003877
2277.0490313935 1.0000194422 0.0016003656
2277.0559758306 1.0012271851 0.0016003572
2277.0629202677 1.0025497721 0.0016003715
2277.0837535790 1.0014435269 0.0016003778
2277.0906980158 1.0000444518 0.0016003887
2277.0976424524 1.0004616893 0.0016003912
2277.1045868890 1.0002299270 0.0016003782
2277.1115313255 1.0012529409 0.0016003782
2277.1184757621 1.0017680204 0.0016003586
2277.1254201987 1.0010682277 0.0016003577
2277.1323646349 0.9996792391 0.0016003458
2277.1393090710 0.9959868754 0.0016003478
2277.1462535070 1.0006640693 0.0016003618
2277.1601423791 1.0014272312 0.0016003748
2277.1670868151 0.9988014655 0.0016003736
2277.1740312509 0.9989274218 0.0016003494
2277.1809756864 0.9998285584 0.0016003590
2277.1948645574 1.0024766692 0.0016003589
2277.2018089929 1.0003890932 0.0016003613
2277.2087534285 0.9997396370 0.0016003501
2277.2156978637 0.9994910935 0.0016003579
2277.2226422987 1.0013319331 0.0016003608
2277.2295867336 0.9996018278 0.0016003492
2277.2365311686 1.0012966654 0.0016003326
2277.2434756036 0.9989056062 0.0016003128
2277.2573644733 1.0022729168 0.0016003113
2277.2643089077 0.9989309627 0.0016003054
2277.2712533422 1.0004939302 0.0016002969
2277.2781977766 0.9999632787 0.0016003132
2277.2851422110 1.0019346910 0.0016003137
2277.2920866455 1.0044294568 0.0016003065
2277.2990310796 1.0008304024 0.0016003178
2277.3059755135 1.0012611059 0.0016003331
2277.3129199475 0.9968634482 0.0016003267
2277.3198643814 1.0016209796 0.0016003129
2277.3268088153 1.0008833915 0.0016003130
2277.3337532492 0.9993386889 0.0016003301
2277.3406976828 0.9968251384 0.0016003408
2277.3545865495 1.0002539328 0.0016003685
2277.3684754162 1.0001531911 0.0016003574
2277.3754198496 1.0013757950 0.0016003433
2277.3823642827 1.0010262804 0.0016003478
2277.4031975812 1.0004196400 0.0016003783
2277.4101420140 0.9994664419 0.0016004075
2277.4170864468 0.9986340652 0.0016004123
2277.4240308793 0.9998245649 0.0016004098
2277.4309753116 0.9989178176 0.0016003987
2277.4379197439 0.9972816870 0.0016004073
2277.4518086084 1.0013780988 0.0016004148
2277.4587530407 1.0014744009 0.0016004252
2277.4656974727 0.9999635323 0.0016004452
2277.4795863361 0.9978102286 0.0016004629
2277.4865307679 0.9995130886 0.0016004765
2277.5004196313 0.9990359228 0.0016004818
2277.5073640628 1.0000992787 0.0016004829
2277.5212529251 1.0007589124 0.0016004887
2277.5281973563 1.0001048334 0.0016005095
2277.5351417875 1.0006569517 0.0016005233
2277.5420862186 0.9993668113 0.0016005443
2277.5490306495 0.9994618948 0.0016005421
2277.5559750801 1.0014528690 0.0016005674
2277.5629195108 0.9980692550 0.0016005689
2277.5698639414 0.9992468790 0.0016005660
2277.5768083720 1.0004106968 0.0016005501
2277.5837528026 1.0016143318 0.0016005425
2277.5906972329 1.0009289823 0.0016005450
2277.5976416630 1.0010661341 0.0016005573
2277.6045860931 1.0003299818 0.0016005467
2277.6115305231 1.0010747613 0.0016005435
2277.6184749532 0.9988716250 0.0016005623
2277.6254193832 0.9974565662 0.0016005769
2277.6323638130 0.9994706591 0.0016005885
2277.6393082425 1.0006800928 0.0016006002
2277.6462526720 0.9992474843 0.0016005818
2277.6531971015 1.0012182665 0.0016005882
2277.6601415310 0.9988662718 0.0016005754
2277.6670859605 1.0008835334 0.0016005744
2277.6809748186 1.0000738743 0.0016005618
2277.6879192476 0.9983869918 0.0016005623
2277.6948636765 1.0012576392 0.0016005677
2277.7018081054 0.9983580246 0.0016005780
2277.7087525343 0.9987193099 0.0016005752
2277.7156969630 0.9990079525 0.0016005622
2277.7226413913 0.9985657195 0.0016005822
2277.7295858197 1.0006449457 0.0016005919
2277.7434746764 0.9974009507 0.0016005951
2277.7504191048 1.0013432287 0.0016005913
2277.7573635329 1.0022556841 0.0016005859
2277.7712523884 0.9984066361 0.0016005831
2277.7781968162 1.0005503680 0.0016005916
2277.7851412440 1.0002552456 0.0016005997
2277.7920856718 0.9995488654 0.0016006132
2277.7990300993 1.0023433269 0.0016006339
2277.8129189537 1.0000807929 0.0016006233
2277.8198633809 0.9993909104 0.0016006283
2277.8268078082 0.9995134123 0.0016006283
2277.8406966623 1.0009782479 0.0016006162
2277.8545855156 0.9990991563 0.0016006051
2277.8615299422 1.0015968861 0.0016006128
2277.8684743688 0.9985538331 0.0016006138
2277.8754187955 1.0015815720 0.0016006157
2277.8823632218 1.0016571513 0.0016006039
2277.8893076478 1.0020513932 0.0016006189
2277.8962520739 0.9994619944 0.0016006068
2277.9031964999 1.0016271337 0.0016006152
2277.9101409260 0.9994063555 0.0016006019
2277.9240297778 1.0011406875 0.0016006115
2277.9379186287 1.0005272356 0.0016005983
2277.9448630542 1.0022791064 0.0016006248
2277.9518074796 1.0031618936 0.0016006397
2277.9587519051 0.9979695862 0.0016006318
2277.9656963302 1.0009412869 0.0016006417
2277.9795851800 1.0022527430 0.0016006470
2277.9865296048 0.9976163974 0.0016006612
2278.0073628791 0.9995208539 0.0016006847
2278.0143073034 0.9987925209 0.0016007018
2278.0212517277 0.9991789383 0.0016006931
2278.0281961519 0.9989893367 0.0016006957
2278.0351405762 0.9985103005 0.0016007016
2278.0420850005 1.0037176282 0.0016007156
2278.0490294244 1.0011503263 0.0016007306
2278.0559738481 0.9999414755 0.0016007490
2278.0629182718 0.9983836956 0.0016007791
2278.0698626955 0.9984695240 0.0016008073
2278.0768071191 0.9980632871 0.0016008082
2278.0906959661 0.9990868335 0.0016008303
2278.0976403892 1.0014957007 0.0016008405
2278.1045848123 1.0014145908 0.0016008630
2278.1184736584 1.0011646601 0.0016008748
2278.1254180815 1.0021248024 0.0016009053
2278.1323625042 1.0017403753 0.0016009333
2278.1393069267 0.9994696606 0.0016009262
2278.1462513491 0.9998355879 0.0016009185
2278.1531957716 0.9996755268 0.0016009433
2278.1601401940 0.9996041529 0.0016009502
2278.1740290386 1.0021826928 0.0016009873
2278.1809734604 1.0004193153 0.0016009798
2278.1879178823 0.9982732344 0.0016009961
2278.1948623041 1.0006702315 0.0016009961
2278.2018067259 0.9985442411 0.0016010229
2278.2087511478 1.0016287206 0.0016010455
2278.2156955693 0.9983940017 0.0016010446
2278.2295844117 1.0025857747 0.0016010839
2278.2365288329 1.0007495174 0.0016010971
2278.2434732542 1.0009111044 0.0016011254
2278.2504176754 1.0005682957 0.0016011323
2278.2643065168 0.9997591253 0.0016011539
2278.2712509374 1.0000427758 0.0016011481
2278.2851397786 1.0003729797 0.0016011525
2278.2990286194 0.9998274843 0.0016011711
2278.3059730394 0.9989127599 0.0016011983
2278.3129174594 1.0000692732 0.0016012157
2278.3198618793 1.0024204367 0.0016012059
2278.3268062993 1.0026500906 0.0016012182
2278.3337507192 0.9994246594 0.0016012160
2278.3476395582 0.9986898813 0.0016012110
2278.3615283968 1.0001992203 0.0016012296
2278.3754172354 1.0004189563 0.0016012531
2278.3823616544 0.9983743319 0.0016012724
2278.3893060731 1.0003222452 0.0016012912
2278.4031949104 0.9971388770 0.0016013041
2278.4101393291 0.9980131933 0.0016012991
2278.4170837478 0.9978603920 0.0016012984
2278.4240281661 0.9992256195 0.0016012963
2278.4309725841 1.0009243797 0.0016012931
2278.4448614202 0.9975803899 0.0016012885
2278.4518058382 0.9998422606 0.0016012752
2278.4587502562 1.0001474421 0.0016013051
2278.4656946739 1.0000654191 0.0016013203
2278.4726390913 1.0002938022 0.0016013413
2278.4795835087 1.0014810444 0.0016013250
2278.4934723434 1.0000514267 0.0016013100
2278.5004167608 1.0001844521 0.0016013259
2278.5073611778 1.0021201252 0.0016013283
2278.5143055945 1.0011214422 0.0016013348
2278.5212500112 1.0035552068 0.0016013311
2278.5281944279 0.9991378655 0.0016013539
2278.5351388446 0.9989889747 0.0016013506
2278.5420832613 0.9984889916 0.0016013759
2278.5490276777 0.9993050049 0.0016013691
2278.5559720937 0.9993907946 0.0016013836
2278.5768053418 1.0005825162 0.0016014006
2278.5837497578 1.0012378537 0.0016014252
2278.5906941735 0.9989790073 0.0016014416
2278.5976385889 1.0007406732 0.0016014527
2278.6045830042 1.0020345003 0.0016014793
2278.6115274196 1.0009106956 0.0016014741
2278.6184718349 0.9989643273 0.0016014958
2278.6323606653 0.9990086619 0.0016014754
2278.6393050800 1.0003354201 0.0016014625
2278.6462494946 1.0009206932 0.0016014609
2278.6531939093 0.9999045126 0.0016014577
2278.6601383240 1.0019454472 0.0016014565
2278.6670827387 1.0023888268 0.0016014479
2278.6740271530 1.0005033565 0.0016014459
2278.6809715670 1.0011567755 0.0016014304
2278.6879159809 1.0007875817 0.0016014241
2278.6948603949 1.0001768389 0.0016014256
2278.7018048089 0.9980124836 0.0016014457
2278.7156936365 1.0012490613 0.0016014153
2278.7226380498 0.9994373129 0.0016014050
2278.7295824631 1.0008983900 0.0016014115
2278.7365268764 0.9988316533 0.0016014352
2278.7434712896 0.9971683667 0.0016014510
2278.7504157029 0.9995263743 0.0016014353
2278.7573601158 1.0014698215 0.0016014579
2278.7643045284 1.0015666319 0.0016014819
2278.7781933536 0.9996844987 0.0016014690
2278.7851377661 0.9994183425 0.0016014955
2278.7920821787 0.9991161694 0.0016014945
2278.7990265909 0.9992898274 0.0016014945
2278.8059710028 1.0000038818 0.0016015242
2278.8129154146 0.9992780107 0.0016015375
2278.8198598265 1.0001087883 0.0016015583
2278.8337486502 1.0009743110 0.0016015599
2278.8476374728 1.0002332628 0.0016015883
2278.8615262951 1.0004587176 0.0016015727
2278.8684707062 0.9999342538 0.0016015764
2278.8754151173 1.0002690266 0.0016015663
2278.8823595281 1.0018490657 0.0016015825
2278.8893039385 0.9983165283 0.0016016078
2278.9031927593 0.9971898371 0.0016016293
2278.9101371697 1.0007630790 0.0016016464
2278.9240259901 1.0000861419 0.0016016465
2278.9309703998 1.0009282901 0.0016016624
2278.9448592191 0.9986556507 0.0016016741
2278.9518036287 0.9980155241 0.0016016890
2278.9587480384 1.0013307798 0.0016016977
2278.9656924476 0.9999885859 0.0016016843
2278.9726368565 1.0012154163 0.0016016990
2278.9795812655 0.9978110461 0.0016016990
2278.9865256744 1.0003597061 0.0016017136
2279.0004144922 1.0003542071 0.0016016981
2279.0073589007 0.9998620229 0.0016016981
2279.0143033088 0.9982890415 0.0016017001
2279.0212477169 1.0030688124 0.0016016935
2279.0281921251 1.0004978625 0.0016016913
2279.0351365332 1.0000574896 0.0016016868
2279.0420809414 1.0001431381 0.0016016772
2279.0490253491 0.9984993325 0.0016016808
2279.0559697565 0.9988821505 0.0016016964
2279.0629141638 0.9983720758 0.0016017035
2279.0698585712 0.9990957602 0.0016016913
2279.0768029786 1.0004035717 0.0016016793
2279.0906917929 0.9996702110 0.0016016654
2279.0976361995 1.0000327956 0.0016016612
2279.1045806061 0.9990021625 0.0016016779
2279.1115250126 1.0004705648 0.0016016940
2279.1184694192 1.0013275154 0.0016016940
2279.1254138258 0.9978738759 0.0016017103
2279.1323582320 0.9988503853 0.0016017269
2279.1393026377 1.0012137240 0.0016017442
2279.1531914493 0.9989103339 0.0016017493
2279.1601358551 0.9998954449 0.0016017523
2279.1670802609 0.9982171588 0.0016017544
2279.1740246663 0.9986480961 0.0016017544
2279.1879134762 0.9988523439 0.0016017825
2279.2018022862 0.9990896496 0.0016017811
2279.2087466912 0.9987709949 0.0016017689
2279.2156910957 1.0007255591 0.0016017867
2279.2226354999 0.9988123649 0.0016017733
2279.2295799040 0.9992836336 0.0016017733
2279.2365243082 0.9986513111 0.0016017891
2279.2434687123 0.9984833169 0.0016018006
2279.2504131165 0.9972081305 0.0016018134
2279.2573575202 0.9962626926 0.0016018274
2279.2851351335 1.0015370735 0.0016018370
2279.2920795369 1.0015655639 0.0016018474
2279.2990239397 0.9990895590 0.0016018474
2279.3059683422 0.9987747521 0.0016018508
2279.3129127447 0.9957181677 0.0016018425
2279.3198571472 0.9998124136 0.0016018484
2279.3268015497 1.0007595343 0.0016018658
2279.3337459522 1.0023594233 0.0016018838
2279.3476347558 0.9991358876 0.0016018794
2279.3615235591 0.9992967113 0.0016018676
2279.3684679607 1.0001633111 0.0016018767
2279.3754123623 0.9987951717 0.0016018767
2279.3823567635 1.0000860856 0.0016018935
2279.3893011642 0.9999647583 0.0016018720
2279.3962455650 0.9997882982 0.0016018876
2279.4031899657 0.9997434947 0.0016018876
2279.4101343665 1.0021622809 0.0016018616
2279.4240231675 0.9997422994 0.0016018225
2279.4309675674 1.0010197565 0.0016018166
2279.4379119673 0.9980844782 0.0016018322
2279.4518007670 1.0017002977 0.0016018114
2279.4587451669 0.9985696286 0.0016018142
2279.4726339652 0.9983423015 0.0016018271
2279.4795783642 1.0029399454 0.0016018419
2279.4865227632 1.0004657132 0.0016018603
2279.5004115611 0.9979031391 0.0016018666
2279.5073559596 0.9996626136 0.0016018749
2279.5212447557 1.0007158607 0.0016019135
2279.5281891538 0.9993277321 0.0016019203
2279.5351335518 1.0013462905 0.0016019145
2279.5420779499 0.9987191396 0.0016019062
2279.5490223475 1.0008742568 0.0016018879
2279.5559667446 0.9973499027 0.0016018852
2279.5629111417 0.9978439584 0.0016018804
2279.5698555388 1.0008784751 0.0016018804
2279.5767999360 0.9996599554 0.0016018804
2279.5837443331 0.9985469132 0.0016018950
2279.5906887297 1.0003500266 0.0016019147
2279.5976331259 1.0005561104 0.0016019037
2279.6045775221 0.9990023107 0.0016019182
2279.6115219183 nan nan
2279.6184663145 nan nan
2279.6323551063 nan nan
2279.6392995016 nan nan
2279.6462438968 nan nan
2279.6531882920 nan nan
2279.6601326872 nan nan
2279.6670770825 nan nan
2279.6740214772 nan nan
2279.6809658714 nan nan
2279.6879102657 nan nan
2279.6948546599 nan nan
2279.7017990542 nan nan
2279.7087434485 nan nan
2279.7156878422 nan nan
2279.7226322355 nan nan
2279.7295766287 nan nan
2279.7365210220 nan nan
2279.7434654153 nan nan
2279.7573542013 nan nan
2279.7642985936 nan nan
2279.7712429858 nan nan
2279.7781873781 nan nan
2279.7851317704 nan nan
2279.7920761627 nan nan
2279.8059649457 nan nan
2279.8129093369 nan nan
2279.8198537282 nan nan
2279.8267981194 nan nan
2279.8337425107 nan nan
2279.8406869014 nan nan
2279.8545756819 nan nan
2279.8615200722 nan nan
2279.8684644624 nan nan
2279.8754088526 nan nan
2279.8892976316 nan nan
2279.8962420208 nan nan
2279.9031864100 nan nan
2279.9101307992 nan nan
